1466_2_1_3 0 0 0 1 0 0
1154_0_1_3 0 0 0 1 0 0
1099_0_1_3 0 0 0 1 0 0
1902_1_0_2 0 0 1 0 0 0
898_3_1_3 0 0 0 1 0 0
1509_1_0_2 0 0 1 0 0 0
1433_0_0_2 0 0 1 0 0 0
379_2_1_5 0 0 0 0 0 1
1276_0_1_3 0 0 0 1 0 0
1305_4_0_1 0 1 0 0 0 0
656_8_1_4 0 0 0 0 1 0
1506_2_1_4 0 0 0 0 1 0
903_1_0_1 0 1 0 0 0 0
1361_0_1_5 0 0 0 0 0 1
1479_5_1_5 0 0 0 0 0 1
1454_1_1_4 0 0 0 0 1 0
1140_0_1_3 0 0 0 1 0 0
1245_2_1_5 0 0 0 0 0 1
269_0_1_3 0 0 0 1 0 0
343_1_1_4 0 0 0 0 1 0
745_0_1_4 0 0 0 0 1 0
361_0_1_3 0 0 0 1 0 0
458_0_1_3 0 0 0 1 0 0
1815_1_1_3 0 0 0 1 0 0
333_0_1_5 0 0 0 0 0 1
1580_0_1_3 0 0 0 1 0 0
1506_0_1_3 0 0 0 1 0 0
1843_0_1_3 0 0 0 1 0 0
691_1_0_1 0 1 0 0 0 0
759_0_0_2 0 0 1 0 0 0
79_0_1_4 0 0 0 0 1 0
276_0_1_3 0 0 0 1 0 0
1370_2_1_5 0 0 0 0 0 1
1124_2_0_1 0 1 0 0 0 0
1377_3_1_4 0 0 0 0 1 0
446_1_0_2 0 0 1 0 0 0
1905_0_1_3 0 0 0 1 0 0
741_0_1_3 0 0 0 1 0 0
370_0_1_5 0 0 0 0 0 1
1473_5_1_3 0 0 0 1 0 0
1396_0_1_4 0 0 0 0 1 0
2019_0_1_3 0 0 0 1 0 0
662_1_1_4 0 0 0 0 1 0
2078_0_0_0 1 0 0 0 0 0
1102_0_1_3 0 0 0 1 0 0
1492_0_1_4 0 0 0 0 1 0
1183_8_1_3 0 0 0 1 0 0
1696_1_1_5 0 0 0 0 0 1
206_0_1_4 0 0 0 0 1 0
1636_0_1_3 0 0 0 1 0 0
969_1_1_3 0 0 0 1 0 0
247_1_1_5 0 0 0 0 0 1
756_0_1_5 0 0 0 0 0 1
75_1_1_5 0 0 0 0 0 1
247_2_1_5 0 0 0 0 0 1
1631_1_0_1 0 1 0 0 0 0
210_3_1_5 0 0 0 0 0 1
1661_10_0_2 0 0 1 0 0 0
557_0_1_3 0 0 0 1 0 0
1004_0_1_3 0 0 0 1 0 0
1242_0_1_5 0 0 0 0 0 1
656_1_1_3 0 0 0 1 0 0
986_2_1_5 0 0 0 0 0 1
1441_1_1_4 0 0 0 0 1 0
1484_1_1_4 0 0 0 0 1 0
126_0_1_5 0 0 0 0 0 1
1686_1_1_3 0 0 0 1 0 0
1470_0_1_3 0 0 0 1 0 0
991_0_1_4 0 0 0 0 1 0
357_3_1_5 0 0 0 0 0 1
2114_6_0_1 0 1 0 0 0 0
117_2_1_5 0 0 0 0 0 1
829_0_0_2 0 0 1 0 0 0
1464_5_1_4 0 0 0 0 1 0
570_0_1_3 0 0 0 1 0 0
1249_1_1_5 0 0 0 0 0 1
1395_0_1_4 0 0 0 0 1 0
123_0_1_5 0 0 0 0 0 1
131_0_1_5 0 0 0 0 0 1
1679_1_0_2 0 0 1 0 0 0
1148_0_1_3 0 0 0 1 0 0
989_0_1_3 0 0 0 1 0 0
587_0_1_5 0 0 0 0 0 1
320_2_1_4 0 0 0 0 1 0
1570_0_1_3 0 0 0 1 0 0
997_2_1_3 0 0 0 1 0 0
1859_2_1_3 0 0 0 1 0 0
678_0_1_5 0 0 0 0 0 1
619_7_0_1 0 1 0 0 0 0
620_1_0_2 0 0 1 0 0 0
1137_1_1_3 0 0 0 1 0 0
1069_0_1_4 0 0 0 0 1 0
663_2_1_3 0 0 0 1 0 0
636_6_1_5 0 0 0 0 0 1
1014_2_0_2 0 0 1 0 0 0
1465_7_1_5 0 0 0 0 0 1
1813_0_1_3 0 0 0 1 0 0
1025_1_0_1 0 1 0 0 0 0
880_0_1_4 0 0 0 0 1 0
641_6_1_3 0 0 0 1 0 0
1925_1_0_0 1 0 0 0 0 0
552_3_1_3 0 0 0 1 0 0
1151_1_1_3 0 0 0 1 0 0
728_2_1_5 0 0 0 0 0 1
263_0_1_5 0 0 0 0 0 1
1283_0_1_3 0 0 0 1 0 0
1696_5_1_5 0 0 0 0 0 1
768_1_1_5 0 0 0 0 0 1
1437_2_1_5 0 0 0 0 0 1
1157_8_1_5 0 0 0 0 0 1
474_8_1_5 0 0 0 0 0 1
927_0_1_3 0 0 0 1 0 0
1430_3_0_0 1 0 0 0 0 0
121_0_1_3 0 0 0 1 0 0
369_1_1_5 0 0 0 0 0 1
1683_0_0_2 0 0 1 0 0 0
168_0_1_3 0 0 0 1 0 0
1474_0_1_5 0 0 0 0 0 1
1010_2_1_3 0 0 0 1 0 0
2114_8_0_0 1 0 0 0 0 0
1414_0_1_5 0 0 0 0 0 1
1765_0_1_3 0 0 0 1 0 0
947_0_0_1 0 1 0 0 0 0
213_0_1_5 0 0 0 0 0 1
1839_0_1_3 0 0 0 1 0 0
779_0_1_5 0 0 0 0 0 1
1565_1_0_1 0 1 0 0 0 0
1124_1_0_1 0 1 0 0 0 0
812_0_0_2 0 0 1 0 0 0
739_0_1_3 0 0 0 1 0 0
998_2_1_4 0 0 0 0 1 0
1011_1_0_2 0 0 1 0 0 0
946_0_1_5 0 0 0 0 0 1
1502_2_1_3 0 0 0 1 0 0
1620_1_1_5 0 0 0 0 0 1
357_1_1_5 0 0 0 0 0 1
707_0_1_3 0 0 0 1 0 0
1181_0_1_3 0 0 0 1 0 0
1125_7_0_1 0 1 0 0 0 0
1195_0_1_5 0 0 0 0 0 1
573_0_1_5 0 0 0 0 0 1
679_0_1_4 0 0 0 0 1 0
1473_4_1_3 0 0 0 1 0 0
835_0_0_1 0 1 0 0 0 0
1433_3_1_3 0 0 0 1 0 0
938_0_1_3 0 0 0 1 0 0
556_2_1_5 0 0 0 0 0 1
1432_0_1_3 0 0 0 1 0 0
389_2_1_3 0 0 0 1 0 0
1367_0_1_4 0 0 0 0 1 0
20_0_1_3 0 0 0 1 0 0
558_0_1_5 0 0 0 0 0 1
386_0_1_5 0 0 0 0 0 1
1469_1_1_5 0 0 0 0 0 1
1310_0_0_2 0 0 1 0 0 0
306_0_1_4 0 0 0 0 1 0
1465_9_1_3 0 0 0 1 0 0
1857_0_1_3 0 0 0 1 0 0
307_0_1_4 0 0 0 0 1 0
59_2_1_5 0 0 0 0 0 1
270_0_1_5 0 0 0 0 0 1
175_0_1_5 0 0 0 0 0 1
1930_2_0_0 1 0 0 0 0 0
1284_0_1_3 0 0 0 1 0 0
2083_9_0_0 1 0 0 0 0 0
1010_0_1_3 0 0 0 1 0 0
513_0_1_4 0 0 0 0 1 0
1804_0_1_5 0 0 0 0 0 1
563_4_1_3 0 0 0 1 0 0
924_0_1_5 0 0 0 0 0 1
581_1_1_5 0 0 0 0 0 1
2041_0_1_4 0 0 0 0 1 0
1338_1_1_5 0 0 0 0 0 1
348_0_1_5 0 0 0 0 0 1
252_2_1_5 0 0 0 0 0 1
1062_0_1_3 0 0 0 1 0 0
1166_0_1_3 0 0 0 1 0 0
332_0_1_5 0 0 0 0 0 1
259_0_1_4 0 0 0 0 1 0
1193_0_1_5 0 0 0 0 0 1
290_1_1_5 0 0 0 0 0 1
171_0_1_5 0 0 0 0 0 1
984_1_1_4 0 0 0 0 1 0
1519_0_0_2 0 0 1 0 0 0
813_1_0_1 0 1 0 0 0 0
1401_0_1_3 0 0 0 1 0 0
1338_2_1_5 0 0 0 0 0 1
73_0_1_5 0 0 0 0 0 1
597_0_1_5 0 0 0 0 0 1
1447_0_1_4 0 0 0 0 1 0
1440_6_1_5 0 0 0 0 0 1
861_0_1_5 0 0 0 0 0 1
1284_3_1_3 0 0 0 1 0 0
1818_0_1_3 0 0 0 1 0 0
725_0_1_4 0 0 0 0 1 0
1685_3_0_2 0 0 1 0 0 0
600_0_1_5 0 0 0 0 0 1
1410_0_1_3 0 0 0 1 0 0
550_0_1_3 0 0 0 1 0 0
609_0_1_3 0 0 0 1 0 0
551_0_1_3 0 0 0 1 0 0
381_0_1_5 0 0 0 0 0 1
973_1_1_4 0 0 0 0 1 0
535_0_1_4 0 0 0 0 1 0
442_1_1_4 0 0 0 0 1 0
1358_0_1_4 0 0 0 0 1 0
332_1_1_5 0 0 0 0 0 1
1303_0_1_3 0 0 0 1 0 0
143_0_1_4 0 0 0 0 1 0
735_3_0_1 0 1 0 0 0 0
657_1_1_4 0 0 0 0 1 0
884_3_0_2 0 0 1 0 0 0
1778_1_0_0 1 0 0 0 0 0
365_0_1_5 0 0 0 0 0 1
1861_1_1_3 0 0 0 1 0 0
1634_0_1_5 0 0 0 0 0 1
733_0_1_3 0 0 0 1 0 0
988_1_1_3 0 0 0 1 0 0
659_0_1_5 0 0 0 0 0 1
1691_0_1_5 0 0 0 0 0 1
796_5_0_2 0 0 1 0 0 0
1188_3_1_3 0 0 0 1 0 0
504_0_1_3 0 0 0 1 0 0
2115_0_0_0 1 0 0 0 0 0
930_0_0_2 0 0 1 0 0 0
887_4_1_3 0 0 0 1 0 0
1399_0_1_3 0 0 0 1 0 0
1032_0_1_5 0 0 0 0 0 1
189_0_1_3 0 0 0 1 0 0
1669_0_1_4 0 0 0 0 1 0
562_2_0_2 0 0 1 0 0 0
1658_2_0_1 0 1 0 0 0 0
643_0_1_5 0 0 0 0 0 1
1655_0_1_5 0 0 0 0 0 1
607_0_1_3 0 0 0 1 0 0
1665_1_1_3 0 0 0 1 0 0
286_0_1_3 0 0 0 1 0 0
312_2_1_4 0 0 0 0 1 0
2082_2_0_1 0 1 0 0 0 0
585_0_1_5 0 0 0 0 0 1
446_2_0_2 0 0 1 0 0 0
619_9_0_1 0 1 0 0 0 0
760_0_1_5 0 0 0 0 0 1
985_3_1_3 0 0 0 1 0 0
828_2_0_1 0 1 0 0 0 0
549_4_0_2 0 0 1 0 0 0
991_1_1_4 0 0 0 0 1 0
960_0_1_3 0 0 0 1 0 0
1454_0_1_4 0 0 0 0 1 0
255_2_1_5 0 0 0 0 0 1
389_0_1_5 0 0 0 0 0 1
2078_1_0_1 0 1 0 0 0 0
132_0_1_5 0 0 0 0 0 1
1796_0_1_3 0 0 0 1 0 0
1678_2_1_5 0 0 0 0 0 1
1671_1_1_3 0 0 0 1 0 0
619_0_0_2 0 0 1 0 0 0
889_0_1_4 0 0 0 0 1 0
25_0_1_5 0 0 0 0 0 1
62_0_1_5 0 0 0 0 0 1
554_0_1_3 0 0 0 1 0 0
359_3_1_5 0 0 0 0 0 1
542_0_0_0 1 0 0 0 0 0
859_0_0_1 0 1 0 0 0 0
293_1_1_5 0 0 0 0 0 1
89_0_1_5 0 0 0 0 0 1
1146_3_1_5 0 0 0 0 0 1
205_0_1_5 0 0 0 0 0 1
1157_1_0_1 0 1 0 0 0 0
1994_0_1_3 0 0 0 1 0 0
1301_1_1_3 0 0 0 1 0 0
321_0_1_4 0 0 0 0 1 0
1000_2_1_5 0 0 0 0 0 1
302_0_1_5 0 0 0 0 0 1
1422_0_1_5 0 0 0 0 0 1
1468_0_0_2 0 0 1 0 0 0
1383_2_1_3 0 0 0 1 0 0
246_0_1_3 0 0 0 1 0 0
118_3_1_5 0 0 0 0 0 1
1930_0_0_0 1 0 0 0 0 0
1188_9_1_3 0 0 0 1 0 0
637_0_1_4 0 0 0 0 1 0
300_1_1_4 0 0 0 0 1 0
531_0_1_3 0 0 0 1 0 0
1344_0_1_4 0 0 0 0 1 0
219_0_1_5 0 0 0 0 0 1
748_3_1_3 0 0 0 1 0 0
1118_2_0_2 0 0 1 0 0 0
1401_1_1_3 0 0 0 1 0 0
1931_3_0_0 1 0 0 0 0 0
1331_1_0_1 0 1 0 0 0 0
647_1_1_3 0 0 0 1 0 0
1670_0_1_3 0 0 0 1 0 0
581_3_1_5 0 0 0 0 0 1
646_1_1_3 0 0 0 1 0 0
127_0_1_4 0 0 0 0 1 0
358_1_1_3 0 0 0 1 0 0
457_0_0_2 0 0 1 0 0 0
349_4_1_5 0 0 0 0 0 1
2083_0_0_0 1 0 0 0 0 0
252_4_1_5 0 0 0 0 0 1
541_0_1_3 0 0 0 1 0 0
1384_0_1_5 0 0 0 0 0 1
2114_10_0_0 1 0 0 0 0 0
1370_1_1_3 0 0 0 1 0 0
1685_4_0_2 0 0 1 0 0 0
1007_0_1_3 0 0 0 1 0 0
980_0_1_4 0 0 0 0 1 0
1856_0_1_3 0 0 0 1 0 0
254_0_1_5 0 0 0 0 0 1
1457_1_1_4 0 0 0 0 1 0
1723_0_1_4 0 0 0 0 1 0
1744_0_1_5 0 0 0 0 0 1
1145_0_1_4 0 0 0 0 1 0
2049_1_0_0 1 0 0 0 0 0
1181_4_1_5 0 0 0 0 0 1
1302_1_1_4 0 0 0 0 1 0
1498_0_1_3 0 0 0 1 0 0
1486_0_1_5 0 0 0 0 0 1
266_0_1_5 0 0 0 0 0 1
1960_0_1_5 0 0 0 0 0 1
1976_0_1_5 0 0 0 0 0 1
1837_0_1_3 0 0 0 1 0 0
1180_0_1_5 0 0 0 0 0 1
687_4_0_2 0 0 1 0 0 0
1898_0_1_3 0 0 0 1 0 0
586_0_1_5 0 0 0 0 0 1
1310_2_1_3 0 0 0 1 0 0
1070_0_1_4 0 0 0 0 1 0
161_0_1_5 0 0 0 0 0 1
1272_2_1_4 0 0 0 0 1 0
1690_0_1_5 0 0 0 0 0 1
654_0_1_5 0 0 0 0 0 1
1708_2_1_5 0 0 0 0 0 1
223_0_1_5 0 0 0 0 0 1
200_0_1_5 0 0 0 0 0 1
1_1_1_5 0 0 0 0 0 1
985_5_1_3 0 0 0 1 0 0
1404_0_1_4 0 0 0 0 1 0
1174_4_1_5 0 0 0 0 0 1
1886_3_1_5 0 0 0 0 0 1
592_0_1_5 0 0 0 0 0 1
737_1_1_3 0 0 0 1 0 0
285_0_1_5 0 0 0 0 0 1
1406_0_1_3 0 0 0 1 0 0
1209_0_1_5 0 0 0 0 0 1
619_1_0_2 0 0 1 0 0 0
1382_7_1_3 0 0 0 1 0 0
1172_0_1_5 0 0 0 0 0 1
373_0_1_5 0 0 0 0 0 1
755_1_1_5 0 0 0 0 0 1
960_5_1_3 0 0 0 1 0 0
662_2_1_3 0 0 0 1 0 0
1247_5_0_1 0 1 0 0 0 0
1487_3_1_4 0 0 0 0 1 0
1444_0_1_4 0 0 0 0 1 0
563_6_1_3 0 0 0 1 0 0
1894_0_1_3 0 0 0 1 0 0
350_3_1_5 0 0 0 0 0 1
1472_6_1_3 0 0 0 1 0 0
750_0_1_3 0 0 0 1 0 0
1685_10_0_2 0 0 1 0 0 0
589_1_1_3 0 0 0 1 0 0
1060_5_0_2 0 0 1 0 0 0
1440_3_1_5 0 0 0 0 0 1
1359_0_1_4 0 0 0 0 1 0
1415_0_1_5 0 0 0 0 0 1
1030_2_0_0 1 0 0 0 0 0
350_1_1_5 0 0 0 0 0 1
123_1_1_5 0 0 0 0 0 1
890_0_1_3 0 0 0 1 0 0
9_1_1_5 0 0 0 0 0 1
539_0_1_4 0 0 0 0 1 0
1471_0_0_2 0 0 1 0 0 0
640_2_0_2 0 0 1 0 0 0
1158_0_1_3 0 0 0 1 0 0
1310_7_0_2 0 0 1 0 0 0
551_3_1_3 0 0 0 1 0 0
1214_0_1_3 0 0 0 1 0 0
651_5_1_5 0 0 0 0 0 1
1517_0_1_5 0 0 0 0 0 1
1061_0_1_4 0 0 0 0 1 0
612_0_1_4 0 0 0 0 1 0
3_0_1_5 0 0 0 0 0 1
1165_4_1_3 0 0 0 1 0 0
1037_0_0_2 0 0 1 0 0 0
1150_2_1_3 0 0 0 1 0 0
96_0_1_5 0 0 0 0 0 1
65_2_1_5 0 0 0 0 0 1
1_0_1_5 0 0 0 0 0 1
1791_1_1_3 0 0 0 1 0 0
1757_0_1_3 0 0 0 1 0 0
1843_5_1_3 0 0 0 1 0 0
1937_1_1_5 0 0 0 0 0 1
76_0_1_5 0 0 0 0 0 1
1587_1_1_3 0 0 0 1 0 0
1987_2_1_3 0 0 0 1 0 0
1460_2_0_0 1 0 0 0 0 0
2017_0_1_3 0 0 0 1 0 0
474_0_1_5 0 0 0 0 0 1
254_1_1_4 0 0 0 0 1 0
401_3_1_3 0 0 0 1 0 0
28_0_1_5 0 0 0 0 0 1
1245_0_1_5 0 0 0 0 0 1
1008_3_0_2 0 0 1 0 0 0
118_2_1_5 0 0 0 0 0 1
145_0_1_4 0 0 0 0 1 0
2016_0_1_4 0 0 0 0 1 0
1750_0_1_4 0 0 0 0 1 0
1451_0_1_4 0 0 0 0 1 0
636_0_1_3 0 0 0 1 0 0
887_6_1_3 0 0 0 1 0 0
995_3_1_3 0 0 0 1 0 0
328_2_1_4 0 0 0 0 1 0
1375_0_1_3 0 0 0 1 0 0
449_3_1_4 0 0 0 0 1 0
350_0_1_5 0 0 0 0 0 1
322_1_1_5 0 0 0 0 0 1
1788_0_1_3 0 0 0 1 0 0
1464_4_1_3 0 0 0 1 0 0
26_0_1_5 0 0 0 0 0 1
1161_0_1_4 0 0 0 0 1 0
496_0_1_3 0 0 0 1 0 0
1565_0_0_1 0 1 0 0 0 0
964_0_1_3 0 0 0 1 0 0
1174_0_1_3 0 0 0 1 0 0
995_0_1_3 0 0 0 1 0 0
440_0_1_3 0 0 0 1 0 0
204_1_1_5 0 0 0 0 0 1
1489_1_1_3 0 0 0 1 0 0
949_0_1_5 0 0 0 0 0 1
759_1_1_5 0 0 0 0 0 1
914_1_0_2 0 0 1 0 0 0
826_1_0_2 0 0 1 0 0 0
1305_1_1_5 0 0 0 0 0 1
1763_0_1_3 0 0 0 1 0 0
220_2_1_5 0 0 0 0 0 1
552_5_1_3 0 0 0 1 0 0
1340_0_1_4 0 0 0 0 1 0
899_0_1_4 0 0 0 0 1 0
931_4_1_3 0 0 0 1 0 0
320_0_1_4 0 0 0 0 1 0
1001_0_1_3 0 0 0 1 0 0
1479_1_1_5 0 0 0 0 0 1
2032_5_1_5 0 0 0 0 0 1
262_0_1_3 0 0 0 1 0 0
1948_0_1_3 0 0 0 1 0 0
975_3_1_4 0 0 0 0 1 0
1458_1_1_5 0 0 0 0 0 1
1272_1_1_4 0 0 0 0 1 0
1243_0_1_5 0 0 0 0 0 1
831_0_0_0 1 0 0 0 0 0
1472_2_1_3 0 0 0 1 0 0
328_1_1_5 0 0 0 0 0 1
1974_0_1_5 0 0 0 0 0 1
1664_2_1_3 0 0 0 1 0 0
1191_0_1_3 0 0 0 1 0 0
1810_0_1_4 0 0 0 0 1 0
1935_0_1_3 0 0 0 1 0 0
1198_0_1_4 0 0 0 0 1 0
1625_3_0_2 0 0 1 0 0 0
883_1_0_2 0 0 1 0 0 0
557_3_1_3 0 0 0 1 0 0
360_0_1_4 0 0 0 0 1 0
1008_6_0_2 0 0 1 0 0 0
307_1_1_4 0 0 0 0 1 0
973_2_1_4 0 0 0 0 1 0
1338_0_1_5 0 0 0 0 0 1
2046_0_1_5 0 0 0 0 0 1
1981_2_1_3 0 0 0 1 0 0
1670_2_1_5 0 0 0 0 0 1
335_0_1_4 0 0 0 0 1 0
1157_11_1_5 0 0 0 0 0 1
1677_2_0_2 0 0 1 0 0 0
603_0_1_4 0 0 0 0 1 0
852_0_1_5 0 0 0 0 0 1
608_0_1_4 0 0 0 0 1 0
1409_0_0_2 0 0 1 0 0 0
1483_2_0_2 0 0 1 0 0 0
387_0_1_4 0 0 0 0 1 0
115_2_1_5 0 0 0 0 0 1
729_2_1_3 0 0 0 1 0 0
1476_2_1_3 0 0 0 1 0 0
1678_3_1_5 0 0 0 0 0 1
759_7_1_5 0 0 0 0 0 1
292_0_1_5 0 0 0 0 0 1
1840_1_1_3 0 0 0 1 0 0
2114_0_0_0 1 0 0 0 0 0
1621_0_1_5 0 0 0 0 0 1
1888_1_1_5 0 0 0 0 0 1
960_4_1_3 0 0 0 1 0 0
611_0_1_3 0 0 0 1 0 0
172_0_1_3 0 0 0 1 0 0
2088_2_0_0 1 0 0 0 0 0
1506_1_1_4 0 0 0 0 1 0
1183_0_1_3 0 0 0 1 0 0
1958_0_1_3 0 0 0 1 0 0
1549_0_1_4 0 0 0 0 1 0
796_1_0_2 0 0 1 0 0 0
1869_0_1_3 0 0 0 1 0 0
767_0_1_5 0 0 0 0 0 1
903_0_1_3 0 0 0 1 0 0
1465_1_1_3 0 0 0 1 0 0
963_0_1_3 0 0 0 1 0 0
45_0_1_4 0 0 0 0 1 0
58_0_1_5 0 0 0 0 0 1
1838_0_1_4 0 0 0 0 1 0
1159_0_1_5 0 0 0 0 0 1
719_1_1_3 0 0 0 1 0 0
559_0_1_3 0 0 0 1 0 0
1205_0_1_4 0 0 0 0 1 0
684_1_0_1 0 1 0 0 0 0
1097_0_1_4 0 0 0 0 1 0
1206_3_1_3 0 0 0 1 0 0
1471_1_0_2 0 0 1 0 0 0
642_2_1_3 0 0 0 1 0 0
1987_3_1_3 0 0 0 1 0 0
459_3_0_1 0 1 0 0 0 0
75_0_1_5 0 0 0 0 0 1
1339_0_1_4 0 0 0 0 1 0
656_4_0_2 0 0 1 0 0 0
1056_3_1_4 0 0 0 0 1 0
285_1_1_4 0 0 0 0 1 0
244_0_1_4 0 0 0 0 1 0
734_0_1_4 0 0 0 0 1 0
956_0_1_5 0 0 0 0 0 1
1685_7_0_2 0 0 1 0 0 0
138_0_1_3 0 0 0 1 0 0
61_0_1_5 0 0 0 0 0 1
221_0_1_5 0 0 0 0 0 1
1817_0_1_5 0 0 0 0 0 1
928_0_1_4 0 0 0 0 1 0
899_2_1_4 0 0 0 0 1 0
1011_2_0_2 0 0 1 0 0 0
1518_1_0_1 0 1 0 0 0 0
1600_0_1_5 0 0 0 0 0 1
893_2_1_4 0 0 0 0 1 0
1625_0_0_1 0 1 0 0 0 0
1125_3_0_2 0 0 1 0 0 0
761_0_1_5 0 0 0 0 0 1
1843_3_1_3 0 0 0 1 0 0
2114_7_0_1 0 1 0 0 0 0
1219_0_1_5 0 0 0 0 0 1
1440_2_1_5 0 0 0 0 0 1
651_1_1_3 0 0 0 1 0 0
738_0_1_5 0 0 0 0 0 1
578_0_1_5 0 0 0 0 0 1
1480_2_1_4 0 0 0 0 1 0
503_0_1_3 0 0 0 1 0 0
162_0_1_5 0 0 0 0 0 1
764_0_1_5 0 0 0 0 0 1
749_0_1_5 0 0 0 0 0 1
1052_0_1_3 0 0 0 1 0 0
1459_0_1_3 0 0 0 1 0 0
521_0_0_1 0 1 0 0 0 0
1122_7_0_2 0 0 1 0 0 0
449_4_1_3 0 0 0 1 0 0
1383_3_1_3 0 0 0 1 0 0
379_1_1_5 0 0 0 0 0 1
1165_0_1_3 0 0 0 1 0 0
439_0_1_4 0 0 0 0 1 0
1815_2_1_3 0 0 0 1 0 0
682_0_0_2 0 0 1 0 0 0
1489_2_1_3 0 0 0 1 0 0
1963_0_1_5 0 0 0 0 0 1
1331_0_0_1 0 1 0 0 0 0
126_1_1_5 0 0 0 0 0 1
363_1_1_5 0 0 0 0 0 1
1630_4_0_0 1 0 0 0 0 0
1142_0_1_4 0 0 0 0 1 0
40_0_1_5 0 0 0 0 0 1
375_2_1_5 0 0 0 0 0 1
1912_0_1_5 0 0 0 0 0 1
32_0_1_5 0 0 0 0 0 1
1843_12_1_3 0 0 0 1 0 0
105_0_1_3 0 0 0 1 0 0
31_0_1_3 0 0 0 1 0 0
1755_0_1_4 0 0 0 0 1 0
475_0_1_3 0 0 0 1 0 0
915_2_0_2 0 0 1 0 0 0
576_0_1_5 0 0 0 0 0 1
1258_0_1_4 0 0 0 0 1 0
627_3_0_1 0 1 0 0 0 0
999_3_1_3 0 0 0 1 0 0
41_0_1_5 0 0 0 0 0 1
988_2_1_3 0 0 0 1 0 0
536_0_1_4 0 0 0 0 1 0
509_0_1_5 0 0 0 0 0 1
1158_2_1_3 0 0 0 1 0 0
252_1_1_5 0 0 0 0 0 1
1602_0_1_5 0 0 0 0 0 1
1618_0_1_3 0 0 0 1 0 0
1145_3_1_3 0 0 0 1 0 0
256_0_1_5 0 0 0 0 0 1
861_1_1_5 0 0 0 0 0 1
959_0_1_4 0 0 0 0 1 0
888_0_1_3 0 0 0 1 0 0
1183_4_1_3 0 0 0 1 0 0
2114_1_0_0 1 0 0 0 0 0
622_7_0_1 0 1 0 0 0 0
1696_3_1_3 0 0 0 1 0 0
1630_2_0_0 1 0 0 0 0 0
622_5_0_1 0 1 0 0 0 0
1135_0_1_3 0 0 0 1 0 0
1655_1_1_5 0 0 0 0 0 1
1266_1_1_4 0 0 0 0 1 0
349_0_1_3 0 0 0 1 0 0
1495_2_1_4 0 0 0 0 1 0
1502_0_1_5 0 0 0 0 0 1
1157_3_1_3 0 0 0 1 0 0
369_2_1_5 0 0 0 0 0 1
1940_3_1_3 0 0 0 1 0 0
1247_0_0_1 0 1 0 0 0 0
2003_0_1_5 0 0 0 0 0 1
2055_0_1_3 0 0 0 1 0 0
1930_3_0_0 1 0 0 0 0 0
1518_0_0_1 0 1 0 0 0 0
1627_2_0_2 0 0 1 0 0 0
1232_1_1_5 0 0 0 0 0 1
1245_1_1_5 0 0 0 0 0 1
1062_1_1_4 0 0 0 0 1 0
442_0_1_4 0 0 0 0 1 0
551_2_1_3 0 0 0 1 0 0
105_1_1_5 0 0 0 0 0 1
1830_3_1_5 0 0 0 0 0 1
322_0_1_4 0 0 0 0 1 0
1475_5_1_3 0 0 0 1 0 0
992_0_1_4 0 0 0 0 1 0
1844_0_1_3 0 0 0 1 0 0
486_7_1_3 0 0 0 1 0 0
900_0_1_4 0 0 0 0 1 0
438_0_1_3 0 0 0 1 0 0
1327_0_1_5 0 0 0 0 0 1
1892_0_1_3 0 0 0 1 0 0
1188_4_1_3 0 0 0 1 0 0
1591_2_1_3 0 0 0 1 0 0
383_0_1_5 0 0 0 0 0 1
179_0_1_3 0 0 0 1 0 0
343_0_1_4 0 0 0 0 1 0
2074_1_1_3 0 0 0 1 0 0
931_2_1_3 0 0 0 1 0 0
736_0_1_5 0 0 0 0 0 1
1273_0_1_4 0 0 0 0 1 0
1174_1_1_3 0 0 0 1 0 0
641_2_1_5 0 0 0 0 0 1
636_2_1_3 0 0 0 1 0 0
2115_1_0_0 1 0 0 0 0 0
1157_6_1_3 0 0 0 1 0 0
255_0_1_3 0 0 0 1 0 0
1494_1_1_4 0 0 0 0 1 0
296_0_1_4 0 0 0 0 1 0
1320_0_1_5 0 0 0 0 0 1
663_0_1_4 0 0 0 0 1 0
54_0_1_5 0 0 0 0 0 1
1483_0_1_3 0 0 0 1 0 0
965_0_1_3 0 0 0 1 0 0
216_0_1_3 0 0 0 1 0 0
557_1_1_3 0 0 0 1 0 0
815_2_0_2 0 0 1 0 0 0
1894_1_1_3 0 0 0 1 0 0
629_1_0_1 0 1 0 0 0 0
1815_0_1_3 0 0 0 1 0 0
1276_2_1_3 0 0 0 1 0 0
1434_5_1_5 0 0 0 0 0 1
736_6_1_3 0 0 0 1 0 0
795_0_0_2 0 0 1 0 0 0
475_5_1_4 0 0 0 0 1 0
1428_1_1_3 0 0 0 1 0 0
2039_0_1_3 0 0 0 1 0 0
1372_2_1_3 0 0 0 1 0 0
1495_0_1_4 0 0 0 0 1 0
563_0_1_5 0 0 0 0 0 1
92_0_1_5 0 0 0 0 0 1
1685_14_0_2 0 0 1 0 0 0
778_0_1_3 0 0 0 1 0 0
407_1_1_5 0 0 0 0 0 1
1900_0_1_5 0 0 0 0 0 1
295_1_1_4 0 0 0 0 1 0
995_1_1_3 0 0 0 1 0 0
584_0_1_5 0 0 0 0 0 1
1462_2_0_1 0 1 0 0 0 0
66_1_1_5 0 0 0 0 0 1
1473_1_1_3 0 0 0 1 0 0
321_2_1_4 0 0 0 0 1 0
853_0_1_5 0 0 0 0 0 1
51_0_1_3 0 0 0 1 0 0
683_0_0_1 0 1 0 0 0 0
210_1_1_5 0 0 0 0 0 1
1763_1_1_3 0 0 0 1 0 0
1623_3_0_1 0 1 0 0 0 0
986_0_1_3 0 0 0 1 0 0
1246_1_1_5 0 0 0 0 0 1
1592_2_1_3 0 0 0 1 0 0
1428_2_1_3 0 0 0 1 0 0
1054_0_1_3 0 0 0 1 0 0
582_1_1_5 0 0 0 0 0 1
841_0_0_1 0 1 0 0 0 0
581_2_1_5 0 0 0 0 0 1
887_7_1_3 0 0 0 1 0 0
1466_1_1_3 0 0 0 1 0 0
726_2_0_2 0 0 1 0 0 0
972_0_0_1 0 1 0 0 0 0
1247_3_0_1 0 1 0 0 0 0
249_1_1_5 0 0 0 0 0 1
210_0_1_5 0 0 0 0 0 1
1627_0_0_2 0 0 1 0 0 0
859_1_0_1 0 1 0 0 0 0
1446_4_0_2 0 0 1 0 0 0
925_0_1_5 0 0 0 0 0 1
1338_5_1_5 0 0 0 0 0 1
2105_1_1_3 0 0 0 1 0 0
1941_0_1_3 0 0 0 1 0 0
656_5_0_2 0 0 1 0 0 0
622_3_0_1 0 1 0 0 0 0
1843_2_1_3 0 0 0 1 0 0
1972_0_1_3 0 0 0 1 0 0
2020_1_1_4 0 0 0 0 1 0
1682_0_1_4 0 0 0 0 1 0
1123_1_0_1 0 1 0 0 0 0
1962_0_1_3 0 0 0 1 0 0
2025_0_0_0 1 0 0 0 0 0
960_7_1_3 0 0 0 1 0 0
1630_1_0_0 1 0 0 0 0 0
692_1_0_1 0 1 0 0 0 0
1007_1_1_3 0 0 0 1 0 0
1210_0_1_5 0 0 0 0 0 1
1007_2_1_3 0 0 0 1 0 0
11_1_1_5 0 0 0 0 0 1
1488_0_1_4 0 0 0 0 1 0
1888_0_1_3 0 0 0 1 0 0
1430_1_0_2 0 0 1 0 0 0
1086_1_1_3 0 0 0 1 0 0
985_1_1_3 0 0 0 1 0 0
1468_1_0_1 0 1 0 0 0 0
641_3_1_5 0 0 0 0 0 1
22_0_1_5 0 0 0 0 0 1
728_3_1_3 0 0 0 1 0 0
1289_1_1_3 0 0 0 1 0 0
475_3_1_4 0 0 0 0 1 0
1177_0_1_3 0 0 0 1 0 0
2114_4_0_1 0 1 0 0 0 0
630_1_1_3 0 0 0 1 0 0
1858_0_1_3 0 0 0 1 0 0
1867_1_1_3 0 0 0 1 0 0
1437_1_1_5 0 0 0 0 0 1
159_0_1_5 0 0 0 0 0 1
291_0_1_5 0 0 0 0 0 1
1987_0_1_3 0 0 0 1 0 0
737_2_1_3 0 0 0 1 0 0
736_7_1_5 0 0 0 0 0 1
557_4_1_3 0 0 0 1 0 0
1008_0_0_2 0 0 1 0 0 0
1430_2_0_0 1 0 0 0 0 0
1147_1_1_4 0 0 0 0 1 0
1068_1_1_3 0 0 0 1 0 0
1927_0_0_0 1 0 0 0 0 0
1436_0_1_5 0 0 0 0 0 1
523_2_0_2 0 0 1 0 0 0
1146_0_0_1 0 1 0 0 0 0
1787_0_1_5 0 0 0 0 0 1
1158_1_1_3 0 0 0 1 0 0
385_0_1_5 0 0 0 0 0 1
526_0_1_3 0 0 0 1 0 0
15_0_1_5 0 0 0 0 0 1
748_1_1_3 0 0 0 1 0 0
1430_4_1_5 0 0 0 0 0 1
563_2_1_3 0 0 0 1 0 0
1931_1_0_0 1 0 0 0 0 0
1263_0_1_4 0 0 0 0 1 0
1165_1_1_3 0 0 0 1 0 0
931_0_1_3 0 0 0 1 0 0
1292_0_1_3 0 0 0 1 0 0
204_0_1_5 0 0 0 0 0 1
235_0_1_5 0 0 0 0 0 1
1614_2_0_2 0 0 1 0 0 0
1399_1_1_4 0 0 0 0 1 0
1861_0_1_3 0 0 0 1 0 0
572_1_1_3 0 0 0 1 0 0
243_0_0_2 0 0 1 0 0 0
1125_1_0_2 0 0 1 0 0 0
1014_0_1_3 0 0 0 1 0 0
753_0_1_5 0 0 0 0 0 1
2112_4_0_1 0 1 0 0 0 0
1094_1_1_5 0 0 0 0 0 1
2002_0_1_4 0 0 0 0 1 0
826_0_0_2 0 0 1 0 0 0
459_2_0_1 0 1 0 0 0 0
294_0_1_5 0 0 0 0 0 1
635_6_1_3 0 0 0 1 0 0
1223_1_1_5 0 0 0 0 0 1
1429_0_1_5 0 0 0 0 0 1
1364_0_1_4 0 0 0 0 1 0
796_0_0_2 0 0 1 0 0 0
743_0_1_4 0 0 0 0 1 0
477_0_1_5 0 0 0 0 0 1
249_0_1_5 0 0 0 0 0 1
0_0_1_5 0 0 0 0 0 1
1454_2_1_4 0 0 0 0 1 0
1114_0_1_3 0 0 0 1 0 0
1896_1_0_0 1 0 0 0 0 0
1671_0_1_4 0 0 0 0 1 0
1283_1_1_3 0 0 0 1 0 0
1247_1_0_1 0 1 0 0 0 0
106_0_1_4 0 0 0 0 1 0
1121_2_0_2 0 0 1 0 0 0
1123_0_0_1 0 1 0 0 0 0
1685_5_0_2 0 0 1 0 0 0
288_0_1_3 0 0 0 1 0 0
1476_0_1_3 0 0 0 1 0 0
759_3_1_5 0 0 0 0 0 1
1854_0_1_4 0 0 0 0 1 0
1871_0_1_3 0 0 0 1 0 0
1173_0_1_5 0 0 0 0 0 1
1585_0_1_3 0 0 0 1 0 0
53_0_1_4 0 0 0 0 1 0
925_1_1_5 0 0 0 0 0 1
486_12_1_3 0 0 0 1 0 0
1470_5_1_3 0 0 0 1 0 0
2027_0_1_5 0 0 0 0 0 1
1280_1_1_4 0 0 0 0 1 0
1653_1_1_5 0 0 0 0 0 1
1382_10_1_3 0 0 0 1 0 0
620_0_0_2 0 0 1 0 0 0
2089_0_0_0 1 0 0 0 0 0
329_0_1_4 0 0 0 0 1 0
1276_1_1_3 0 0 0 1 0 0
1143_0_1_3 0 0 0 1 0 0
252_5_1_5 0 0 0 0 0 1
1437_4_1_5 0 0 0 0 0 1
1205_1_1_4 0 0 0 0 1 0
1631_0_0_0 1 0 0 0 0 0
969_3_1_3 0 0 0 1 0 0
2092_0_0_0 1 0 0 0 0 0
729_1_1_3 0 0 0 1 0 0
82_1_1_5 0 0 0 0 0 1
1470_1_1_3 0 0 0 1 0 0
726_1_0_2 0 0 1 0 0 0
50_0_1_5 0 0 0 0 0 1
1671_2_1_3 0 0 0 1 0 0
1011_0_0_2 0 0 1 0 0 0
1008_2_0_2 0 0 1 0 0 0
671_0_1_3 0 0 0 1 0 0
1947_0_1_5 0 0 0 0 0 1
1843_7_1_3 0 0 0 1 0 0
1847_0_1_4 0 0 0 0 1 0
1146_4_1_5 0 0 0 0 0 1
757_0_1_5 0 0 0 0 0 1
1181_1_1_5 0 0 0 0 0 1
557_2_1_3 0 0 0 1 0 0
447_0_0_2 0 0 1 0 0 0
1425_0_1_5 0 0 0 0 0 1
486_5_1_3 0 0 0 1 0 0
636_5_1_3 0 0 0 1 0 0
1008_7_0_2 0 0 1 0 0 0
1925_3_0_0 1 0 0 0 0 0
987_2_1_5 0 0 0 0 0 1
1981_0_0_2 0 0 1 0 0 0
378_2_1_5 0 0 0 0 0 1
1483_3_0_2 0 0 1 0 0 0
2083_5_0_1 0 1 0 0 0 0
681_1_1_4 0 0 0 0 1 0
107_0_1_5 0 0 0 0 0 1
363_0_1_5 0 0 0 0 0 1
1188_8_1_3 0 0 0 1 0 0
1397_1_1_3 0 0 0 1 0 0
947_1_0_1 0 1 0 0 0 0
776_0_1_3 0 0 0 1 0 0
1716_1_1_3 0 0 0 1 0 0
486_2_1_3 0 0 0 1 0 0
1302_0_1_3 0 0 0 1 0 0
188_0_1_3 0 0 0 1 0 0
1188_1_1_4 0 0 0 0 1 0
371_0_1_3 0 0 0 1 0 0
1568_0_1_5 0 0 0 0 0 1
330_0_1_5 0 0 0 0 0 1
459_4_0_1 0 1 0 0 0 0
1134_0_1_3 0 0 0 1 0 0
336_0_1_4 0 0 0 0 1 0
1704_0_0_2 0 0 1 0 0 0
812_4_0_2 0 0 1 0 0 0
113_0_1_5 0 0 0 0 0 1
813_2_0_1 0 1 0 0 0 0
1925_0_0_2 0 0 1 0 0 0
588_0_1_5 0 0 0 0 0 1
406_0_1_5 0 0 0 0 0 1
1685_17_0_2 0 0 1 0 0 0
1156_4_1_5 0 0 0 0 0 1
1480_3_1_5 0 0 0 0 0 1
884_2_0_2 0 0 1 0 0 0
42_0_1_4 0 0 0 0 1 0
1968_0_1_3 0 0 0 1 0 0
687_5_0_2 0 0 1 0 0 0
651_0_1_3 0 0 0 1 0 0
1483_4_0_2 0 0 1 0 0 0
1472_3_1_3 0 0 0 1 0 0
1700_0_1_3 0 0 0 1 0 0
2113_0_0_0 1 0 0 0 0 0
2023_0_1_5 0 0 0 0 0 1
1896_0_1_3 0 0 0 1 0 0
1092_0_1_4 0 0 0 0 1 0
436_1_1_3 0 0 0 1 0 0
1382_1_0_1 0 1 0 0 0 0
1694_0_1_3 0 0 0 1 0 0
1685_6_0_2 0 0 1 0 0 0
571_1_1_3 0 0 0 1 0 0
1959_2_1_5 0 0 0 0 0 1
712_0_1_3 0 0 0 1 0 0
580_0_1_5 0 0 0 0 0 1
883_3_0_2 0 0 1 0 0 0
2032_3_1_5 0 0 0 0 0 1
622_4_0_1 0 1 0 0 0 0
1381_0_1_4 0 0 0 0 1 0
1367_1_1_4 0 0 0 0 1 0
1456_0_1_3 0 0 0 1 0 0
1330_0_0_2 0 0 1 0 0 0
1496_0_1_3 0 0 0 1 0 0
793_0_0_2 0 0 1 0 0 0
1550_0_1_3 0 0 0 1 0 0
1716_0_1_3 0 0 0 1 0 0
411_1_1_5 0 0 0 0 0 1
535_1_1_4 0 0 0 0 1 0
960_1_1_3 0 0 0 1 0 0
1685_2_0_2 0 0 1 0 0 0
1188_7_1_3 0 0 0 1 0 0
758_1_1_5 0 0 0 0 0 1
552_1_1_4 0 0 0 0 1 0
2057_0_1_3 0 0 0 1 0 0
619_3_0_2 0 0 1 0 0 0
1546_0_1_3 0 0 0 1 0 0
975_0_1_4 0 0 0 0 1 0
1681_0_1_5 0 0 0 0 0 1
1509_0_0_1 0 1 0 0 0 0
728_0_1_3 0 0 0 1 0 0
2036_0_1_3 0 0 0 1 0 0
122_0_1_3 0 0 0 1 0 0
684_0_0_1 0 1 0 0 0 0
1977_0_1_3 0 0 0 1 0 0
1835_1_1_5 0 0 0 0 0 1
449_1_1_3 0 0 0 1 0 0
399_0_1_5 0 0 0 0 0 1
255_3_1_3 0 0 0 1 0 0
1886_1_1_5 0 0 0 0 0 1
2112_2_0_1 0 1 0 0 0 0
1843_9_1_3 0 0 0 1 0 0
328_0_1_4 0 0 0 0 1 0
1582_0_1_3 0 0 0 1 0 0
200_1_1_5 0 0 0 0 0 1
1620_0_1_3 0 0 0 1 0 0
663_1_1_3 0 0 0 1 0 0
642_3_1_3 0 0 0 1 0 0
1472_0_0_1 0 1 0 0 0 0
186_0_1_3 0 0 0 1 0 0
1125_2_0_2 0 0 1 0 0 0
48_0_1_5 0 0 0 0 0 1
1441_0_1_4 0 0 0 0 1 0
1095_0_1_4 0 0 0 0 1 0
1959_1_1_5 0 0 0 0 0 1
349_3_1_3 0 0 0 1 0 0
1854_1_1_4 0 0 0 0 1 0
1843_1_1_3 0 0 0 1 0 0
582_5_1_5 0 0 0 0 0 1
1383_1_1_3 0 0 0 1 0 0
350_2_1_5 0 0 0 0 0 1
1101_0_1_4 0 0 0 0 1 0
1707_1_1_5 0 0 0 0 0 1
1390_0_1_5 0 0 0 0 0 1
55_0_1_4 0 0 0 0 1 0
281_0_1_3 0 0 0 1 0 0
1982_0_1_3 0 0 0 1 0 0
8_1_1_5 0 0 0 0 0 1
1664_1_1_3 0 0 0 1 0 0
893_0_1_4 0 0 0 0 1 0
1976_2_1_5 0 0 0 0 0 1
1241_0_1_5 0 0 0 0 0 1
1679_0_0_2 0 0 1 0 0 0
1875_0_1_4 0 0 0 0 1 0
1623_4_0_2 0 0 1 0 0 0
411_0_1_5 0 0 0 0 0 1
1462_0_0_1 0 1 0 0 0 0
2020_0_1_4 0 0 0 0 1 0
1658_0_0_0 1 0 0 0 0 0
506_0_1_5 0 0 0 0 0 1
1968_1_1_3 0 0 0 1 0 0
1044_0_1_4 0 0 0 0 1 0
581_0_1_5 0 0 0 0 0 1
1453_1_1_5 0 0 0 0 0 1
1893_0_1_5 0 0 0 0 0 1
720_1_1_3 0 0 0 1 0 0
147_0_1_5 0 0 0 0 0 1
486_9_1_3 0 0 0 1 0 0
1060_2_0_2 0 0 1 0 0 0
1954_0_1_5 0 0 0 0 0 1
1125_6_0_1 0 1 0 0 0 0
310_0_1_4 0 0 0 0 1 0
1688_0_1_5 0 0 0 0 0 1
88_0_1_5 0 0 0 0 0 1
571_0_1_3 0 0 0 1 0 0
975_2_1_4 0 0 0 0 1 0
319_0_1_4 0 0 0 0 1 0
711_0_1_3 0 0 0 1 0 0
1270_0_0_1 0 1 0 0 0 0
1310_6_0_2 0 0 1 0 0 0
982_0_1_4 0 0 0 0 1 0
176_0_1_5 0 0 0 0 0 1
1990_0_1_3 0 0 0 1 0 0
1859_3_1_3 0 0 0 1 0 0
635_1_1_3 0 0 0 1 0 0
973_0_1_4 0 0 0 0 1 0
1262_0_1_3 0 0 0 1 0 0
1738_0_1_5 0 0 0 0 0 1
1009_0_1_3 0 0 0 1 0 0
644_0_1_3 0 0 0 1 0 0
1146_8_1_3 0 0 0 1 0 0
1056_2_1_5 0 0 0 0 0 1
224_0_1_5 0 0 0 0 0 1
900_1_1_4 0 0 0 0 1 0
1630_0_0_0 1 0 0 0 0 0
1895_0_0_0 1 0 0 0 0 0
1660_1_0_0 1 0 0 0 0 0
674_0_1_4 0 0 0 0 1 0
1774_0_0_0 1 0 0 0 0 0
622_8_0_1 0 1 0 0 0 0
985_2_1_3 0 0 0 1 0 0
1749_0_1_3 0 0 0 1 0 0
1478_0_1_5 0 0 0 0 0 1
1477_0_1_5 0 0 0 0 0 1
377_0_1_5 0 0 0 0 0 1
1727_0_1_5 0 0 0 0 0 1
1484_0_1_4 0 0 0 0 1 0
1138_0_1_4 0 0 0 0 1 0
812_1_0_2 0 0 1 0 0 0
1470_4_1_3 0 0 0 1 0 0
768_0_1_5 0 0 0 0 0 1
649_0_1_5 0 0 0 0 0 1
1107_0_1_4 0 0 0 0 1 0
1110_0_1_3 0 0 0 1 0 0
1377_0_1_4 0 0 0 0 1 0
1475_0_1_5 0 0 0 0 0 1
471_1_1_3 0 0 0 1 0 0
1479_4_1_3 0 0 0 1 0 0
759_6_1_5 0 0 0 0 0 1
550_2_1_4 0 0 0 0 1 0
1677_1_0_2 0 0 1 0 0 0
898_1_1_3 0 0 0 1 0 0
1157_2_0_1 0 1 0 0 0 0
1567_0_1_5 0 0 0 0 0 1
2083_4_0_1 0 1 0 0 0 0
746_0_1_3 0 0 0 1 0 0
401_2_1_5 0 0 0 0 0 1
1145_1_1_3 0 0 0 1 0 0
1840_3_1_3 0 0 0 1 0 0
1437_3_1_5 0 0 0 0 0 1
1308_0_1_3 0 0 0 1 0 0
1157_7_1_3 0 0 0 1 0 0
640_0_0_1 0 1 0 0 0 0
602_0_1_4 0 0 0 0 1 0
1417_0_1_5 0 0 0 0 0 1
1225_0_1_5 0 0 0 0 0 1
985_4_1_3 0 0 0 1 0 0
974_0_1_4 0 0 0 0 1 0
1149_0_1_5 0 0 0 0 0 1
1946_0_1_3 0 0 0 1 0 0
114_0_1_3 0 0 0 1 0 0
1860_0_1_3 0 0 0 1 0 0
997_1_1_3 0 0 0 1 0 0
1890_0_1_4 0 0 0 0 1 0
1208_1_1_4 0 0 0 0 1 0
502_0_1_3 0 0 0 1 0 0
199_0_1_4 0 0 0 0 1 0
2105_0_1_3 0 0 0 1 0 0
1183_13_1_3 0 0 0 1 0 0
915_1_0_2 0 0 1 0 0 0
1015_0_1_5 0 0 0 0 0 1
1063_0_1_4 0 0 0 0 1 0
583_0_1_5 0 0 0 0 0 1
1480_1_1_4 0 0 0 0 1 0
1475_3_0_2 0 0 1 0 0 0
1125_0_0_2 0 0 1 0 0 0
1778_0_0_0 1 0 0 0 0 0
995_2_1_3 0 0 0 1 0 0
1060_0_0_2 0 0 1 0 0 0
1651_0_0_2 0 0 1 0 0 0
1202_0_1_3 0 0 0 1 0 0
1933_0_1_5 0 0 0 0 0 1
438_1_1_3 0 0 0 1 0 0
1835_0_1_3 0 0 0 1 0 0
1139_0_1_3 0 0 0 1 0 0
1181_2_1_5 0 0 0 0 0 1
1790_1_1_3 0 0 0 1 0 0
1152_0_1_3 0 0 0 1 0 0
1091_0_1_4 0 0 0 0 1 0
1493_0_1_4 0 0 0 0 1 0
630_2_1_5 0 0 0 0 0 1
1212_0_1_3 0 0 0 1 0 0
1754_0_1_5 0 0 0 0 0 1
1351_2_1_4 0 0 0 0 1 0
1169_0_1_4 0 0 0 0 1 0
1261_0_1_3 0 0 0 1 0 0
1544_0_1_3 0 0 0 1 0 0
1301_0_1_3 0 0 0 1 0 0
549_3_0_1 0 1 0 0 0 0
76_1_1_5 0 0 0 0 0 1
1625_2_0_2 0 0 1 0 0 0
268_1_1_5 0 0 0 0 0 1
1448_3_1_4 0 0 0 0 1 0
1382_6_1_3 0 0 0 1 0 0
639_0_1_3 0 0 0 1 0 0
149_0_1_5 0 0 0 0 0 1
1278_1_1_3 0 0 0 1 0 0
1464_0_1_4 0 0 0 0 1 0
1868_0_1_4 0 0 0 0 1 0
1000_0_1_3 0 0 0 1 0 0
1174_3_1_5 0 0 0 0 0 1
630_6_1_3 0 0 0 1 0 0
902_2_1_3 0 0 0 1 0 0
366_0_1_5 0 0 0 0 0 1
1625_1_0_2 0 0 1 0 0 0
880_1_1_4 0 0 0 0 1 0
136_0_1_5 0 0 0 0 0 1
887_5_1_3 0 0 0 1 0 0
874_0_1_5 0 0 0 0 0 1
902_3_1_3 0 0 0 1 0 0
1305_0_1_3 0 0 0 1 0 0
1440_5_1_5 0 0 0 0 0 1
486_8_1_3 0 0 0 1 0 0
986_1_1_4 0 0 0 0 1 0
1183_9_1_3 0 0 0 1 0 0
1557_0_1_3 0 0 0 1 0 0
1281_0_1_4 0 0 0 0 1 0
1481_0_1_5 0 0 0 0 0 1
1475_6_1_3 0 0 0 1 0 0
1289_0_1_3 0 0 0 1 0 0
1104_0_1_4 0 0 0 0 1 0
1183_12_1_3 0 0 0 1 0 0
1465_8_1_3 0 0 0 1 0 0
1778_3_1_3 0 0 0 1 0 0
687_0_0_2 0 0 1 0 0 0
1183_6_1_3 0 0 0 1 0 0
914_3_0_2 0 0 1 0 0 0
1465_2_1_3 0 0 0 1 0 0
1814_0_1_3 0 0 0 1 0 0
1433_1_0_2 0 0 1 0 0 0
1473_3_1_3 0 0 0 1 0 0
501_0_1_3 0 0 0 1 0 0
1434_0_1_3 0 0 0 1 0 0
1464_1_1_3 0 0 0 1 0 0
1523_0_1_3 0 0 0 1 0 0
657_0_1_3 0 0 0 1 0 0
1448_4_1_4 0 0 0 0 1 0
718_0_1_3 0 0 0 1 0 0
1932_0_1_5 0 0 0 0 0 1
389_1_1_5 0 0 0 0 0 1
1482_0_1_5 0 0 0 0 0 1
1591_3_1_3 0 0 0 1 0 0
999_0_1_5 0 0 0 0 0 1
1531_0_0_2 0 0 1 0 0 0
163_0_1_5 0 0 0 0 0 1
2038_0_1_5 0 0 0 0 0 1
1696_4_1_3 0 0 0 1 0 0
1805_0_1_3 0 0 0 1 0 0
1341_0_0_2 0 0 1 0 0 0
1859_1_1_3 0 0 0 1 0 0
735_1_0_2 0 0 1 0 0 0
1444_2_1_3 0 0 0 1 0 0
137_0_1_3 0 0 0 1 0 0
1835_5_1_3 0 0 0 1 0 0
86_0_1_5 0 0 0 0 0 1
2111_0_0_1 0 1 0 0 0 0
1473_2_1_3 0 0 0 1 0 0
474_1_1_5 0 0 0 0 0 1
796_4_0_1 0 1 0 0 0 0
1027_0_1_5 0 0 0 0 0 1
520_3_0_0 1 0 0 0 0 0
1462_1_0_1 0 1 0 0 0 0
1494_0_1_4 0 0 0 0 1 0
1463_1_0_1 0 1 0 0 0 0
321_1_1_5 0 0 0 0 0 1
1518_2_0_0 1 0 0 0 0 0
101_0_1_5 0 0 0 0 0 1
365_1_1_5 0 0 0 0 0 1
1537_0_1_3 0 0 0 1 0 0
1677_3_0_2 0 0 1 0 0 0
1157_10_1_3 0 0 0 1 0 0
1623_2_0_2 0 0 1 0 0 0
117_3_1_5 0 0 0 0 0 1
1435_0_1_3 0 0 0 1 0 0
1926_1_0_0 1 0 0 0 0 0
1157_5_1_5 0 0 0 0 0 1
2088_0_0_0 1 0 0 0 0 0
577_0_1_5 0 0 0 0 0 1
1989_0_1_5 0 0 0 0 0 1
1816_0_1_5 0 0 0 0 0 1
94_0_1_5 0 0 0 0 0 1
520_2_0_0 1 0 0 0 0 0
1369_0_1_4 0 0 0 0 1 0
286_1_1_5 0 0 0 0 0 1
581_5_1_3 0 0 0 1 0 0
582_3_1_5 0 0 0 0 0 1
933_0_1_5 0 0 0 0 0 1
1174_9_1_5 0 0 0 0 0 1
1232_0_1_5 0 0 0 0 0 1
47_0_1_5 0 0 0 0 0 1
1608_1_0_2 0 0 1 0 0 0
1685_9_0_2 0 0 1 0 0 0
1894_2_1_5 0 0 0 0 0 1
1446_2_0_2 0 0 1 0 0 0
1351_0_1_4 0 0 0 0 1 0
307_2_1_4 0 0 0 0 1 0
1986_0_1_3 0 0 0 1 0 0
944_1_0_0 1 0 0 0 0 0
634_2_0_2 0 0 1 0 0 0
1071_0_1_4 0 0 0 0 1 0
880_2_1_4 0 0 0 0 1 0
1026_0_1_5 0 0 0 0 0 1
474_2_1_5 0 0 0 0 0 1
13_0_1_5 0 0 0 0 0 1
1515_0_1_3 0 0 0 1 0 0
1982_2_1_3 0 0 0 1 0 0
449_2_1_5 0 0 0 0 0 1
1109_0_1_5 0 0 0 0 0 1
629_2_0_1 0 1 0 0 0 0
1188_0_1_4 0 0 0 0 1 0
1976_1_1_5 0 0 0 0 0 1
1477_1_1_5 0 0 0 0 0 1
668_0_1_5 0 0 0 0 0 1
1763_2_1_3 0 0 0 1 0 0
290_0_1_5 0 0 0 0 0 1
0_1_1_4 0 0 0 0 1 0
304_0_1_3 0 0 0 1 0 0
1885_0_1_5 0 0 0 0 0 1
324_0_1_4 0 0 0 0 1 0
322_3_1_4 0 0 0 0 1 0
1843_10_1_3 0 0 0 1 0 0
1230_0_1_5 0 0 0 0 0 1
1497_0_1_4 0 0 0 0 1 0
619_4_0_2 0 0 1 0 0 0
936_0_1_3 0 0 0 1 0 0
1623_0_0_2 0 0 1 0 0 0
915_0_0_2 0 0 1 0 0 0
35_0_1_5 0 0 0 0 0 1
884_5_0_2 0 0 1 0 0 0
902_1_1_3 0 0 0 1 0 0
1658_1_0_0 1 0 0 0 0 0
1302_3_1_3 0 0 0 1 0 0
83_1_1_5 0 0 0 0 0 1
93_0_1_5 0 0 0 0 0 1
898_2_1_3 0 0 0 1 0 0
1707_0_1_5 0 0 0 0 0 1
1907_0_1_5 0 0 0 0 0 1
494_0_1_3 0 0 0 1 0 0
1157_9_1_3 0 0 0 1 0 0
115_1_1_3 0 0 0 1 0 0
511_0_1_3 0 0 0 1 0 0
379_0_1_5 0 0 0 0 0 1
1677_5_1_3 0 0 0 1 0 0
1119_0_0_1 0 1 0 0 0 0
1187_0_1_4 0 0 0 0 1 0
166_2_1_5 0 0 0 0 0 1
359_2_1_5 0 0 0 0 0 1
1896_3_0_0 1 0 0 0 0 0
1277_0_1_3 0 0 0 1 0 0
252_0_1_5 0 0 0 0 0 1
1673_0_1_3 0 0 0 1 0 0
842_0_1_5 0 0 0 0 0 1
895_0_1_4 0 0 0 0 1 0
555_1_0_2 0 0 1 0 0 0
1382_8_1_3 0 0 0 1 0 0
656_6_1_5 0 0 0 0 0 1
1265_0_1_4 0 0 0 0 1 0
629_0_0_1 0 1 0 0 0 0
773_0_1_4 0 0 0 0 1 0
622_0_0_1 0 1 0 0 0 0
226_0_1_3 0 0 0 1 0 0
582_4_1_5 0 0 0 0 0 1
1876_0_1_4 0 0 0 0 1 0
1177_1_1_5 0 0 0 0 0 1
1111_0_1_3 0 0 0 1 0 0
893_1_1_4 0 0 0 0 1 0
2083_6_0_1 0 1 0 0 0 0
552_4_1_3 0 0 0 1 0 0
1150_0_0_0 1 0 0 0 0 0
1917_1_1_5 0 0 0 0 0 1
939_0_1_3 0 0 0 1 0 0
1150_1_0_0 1 0 0 0 0 0
1684_1_1_3 0 0 0 1 0 0
914_0_0_2 0 0 1 0 0 0
2032_4_1_5 0 0 0 0 0 1
596_0_1_5 0 0 0 0 0 1
226_1_1_3 0 0 0 1 0 0
1928_0_0_2 0 0 1 0 0 0
1453_0_1_5 0 0 0 0 0 1
1125_5_0_1 0 1 0 0 0 0
335_1_1_4 0 0 0 0 1 0
1254_0_1_5 0 0 0 0 0 1
884_0_0_2 0 0 1 0 0 0
673_0_1_3 0 0 0 1 0 0
1491_0_1_5 0 0 0 0 0 1
1396_1_1_4 0 0 0 0 1 0
1260_0_1_3 0 0 0 1 0 0
1206_0_1_3 0 0 0 1 0 0
1002_0_1_3 0 0 0 1 0 0
1553_0_1_5 0 0 0 0 0 1
1071_1_1_4 0 0 0 0 1 0
636_4_1_3 0 0 0 1 0 0
688_0_0_2 0 0 1 0 0 0
549_6_0_1 0 1 0 0 0 0
1981_1_1_3 0 0 0 1 0 0
467_0_0_1 0 1 0 0 0 0
1307_0_1_3 0 0 0 1 0 0
1465_4_1_3 0 0 0 1 0 0
1634_1_1_3 0 0 0 1 0 0
1397_0_1_3 0 0 0 1 0 0
1084_0_1_3 0 0 0 1 0 0
1591_1_1_3 0 0 0 1 0 0
1078_0_1_3 0 0 0 1 0 0
646_0_1_3 0 0 0 1 0 0
1725_0_1_5 0 0 0 0 0 1
1672_0_1_5 0 0 0 0 0 1
474_6_1_5 0 0 0 0 0 1
771_0_1_4 0 0 0 0 1 0
7_1_1_5 0 0 0 0 0 1
1174_2_1_5 0 0 0 0 0 1
572_2_1_3 0 0 0 1 0 0
24_0_0_2 0 0 1 0 0 0
549_0_1_3 0 0 0 1 0 0
183_0_1_3 0 0 0 1 0 0
1440_7_1_4 0 0 0 0 1 0
552_2_1_3 0 0 0 1 0 0
1875_1_1_3 0 0 0 1 0 0
1652_0_1_5 0 0 0 0 0 1
1386_0_1_4 0 0 0 0 1 0
582_7_1_5 0 0 0 0 0 1
1843_4_1_3 0 0 0 1 0 0
514_0_1_5 0 0 0 0 0 1
676_0_1_5 0 0 0 0 0 1
662_3_1_4 0 0 0 0 1 0
1120_0_0_1 0 1 0 0 0 0
740_0_1_3 0 0 0 1 0 0
1223_0_1_5 0 0 0 0 0 1
1899_0_0_2 0 0 1 0 0 0
651_2_1_5 0 0 0 0 0 1
1271_0_1_4 0 0 0 0 1 0
2035_0_1_3 0 0 0 1 0 0
173_0_1_3 0 0 0 1 0 0
282_2_1_5 0 0 0 0 0 1
1031_0_1_5 0 0 0 0 0 1
981_0_1_3 0 0 0 1 0 0
737_4_1_3 0 0 0 1 0 0
1489_3_1_3 0 0 0 1 0 0
826_3_0_2 0 0 1 0 0 0
666_2_1_4 0 0 0 0 1 0
1685_0_0_2 0 0 1 0 0 0
486_10_1_3 0 0 0 1 0 0
21_0_1_5 0 0 0 0 0 1
631_0_1_3 0 0 0 1 0 0
2083_2_0_0 1 0 0 0 0 0
2114_5_0_1 0 1 0 0 0 0
827_0_0_1 0 1 0 0 0 0
729_4_1_3 0 0 0 1 0 0
1206_2_1_3 0 0 0 1 0 0
1747_0_1_5 0 0 0 0 0 1
1217_0_1_3 0 0 0 1 0 0
1132_0_1_4 0 0 0 0 1 0
1379_0_1_5 0 0 0 0 0 1
1150_3_1_4 0 0 0 0 1 0
378_0_1_5 0 0 0 0 0 1
1305_2_1_5 0 0 0 0 0 1
886_1_1_4 0 0 0 0 1 0
1840_0_1_3 0 0 0 1 0 0
1382_9_1_3 0 0 0 1 0 0
1086_0_1_3 0 0 0 1 0 0
662_4_0_2 0 0 1 0 0 0
1670_1_1_3 0 0 0 1 0 0
582_0_1_5 0 0 0 0 0 1
1121_1_0_2 0 0 1 0 0 0
375_0_1_5 0 0 0 0 0 1
1696_9_1_5 0 0 0 0 0 1
1864_0_0_2 0 0 1 0 0 0
226_2_1_3 0 0 0 1 0 0
1184_0_1_5 0 0 0 0 0 1
1265_1_1_4 0 0 0 0 1 0
542_1_0_0 1 0 0 0 0 0
1596_0_0_2 0 0 1 0 0 0
8_2_1_5 0 0 0 0 0 1
235_1_1_5 0 0 0 0 0 1
271_0_1_5 0 0 0 0 0 1
1165_6_1_3 0 0 0 1 0 0
1425_1_1_3 0 0 0 1 0 0
1431_1_1_3 0 0 0 1 0 0
1146_7_1_3 0 0 0 1 0 0
1183_10_1_3 0 0 0 1 0 0
1366_0_1_4 0 0 0 0 1 0
1121_3_0_2 0 0 1 0 0 0
960_2_1_3 0 0 0 1 0 0
1843_8_1_3 0 0 0 1 0 0
653_0_1_5 0 0 0 0 0 1
1678_0_1_3 0 0 0 1 0 0
1934_0_1_5 0 0 0 0 0 1
85_0_1_5 0 0 0 0 0 1
18_0_1_5 0 0 0 0 0 1
1420_0_1_5 0 0 0 0 0 1
163_1_1_5 0 0 0 0 0 1
1085_0_1_3 0 0 0 1 0 0
556_3_1_3 0 0 0 1 0 0
636_7_1_3 0 0 0 1 0 0
1802_0_1_3 0 0 0 1 0 0
1830_4_1_5 0 0 0 0 0 1
1190_0_1_3 0 0 0 1 0 0
813_0_0_1 0 1 0 0 0 0
934_1_1_5 0 0 0 0 0 1
1990_1_1_3 0 0 0 1 0 0
1685_11_0_2 0 0 1 0 0 0
642_4_1_3 0 0 0 1 0 0
221_2_1_5 0 0 0 0 0 1
1063_1_1_4 0 0 0 0 1 0
670_0_1_3 0 0 0 1 0 0
620_2_0_2 0 0 1 0 0 0
724_0_1_3 0 0 0 1 0 0
634_0_0_1 0 1 0 0 0 0
1382_2_0_1 0 1 0 0 0 0
1157_13_0_1 0 1 0 0 0 0
1365_0_1_5 0 0 0 0 0 1
730_0_1_3 0 0 0 1 0 0
1074_0_1_3 0 0 0 1 0 0
1152_1_1_3 0 0 0 1 0 0
1487_2_1_4 0 0 0 0 1 0
523_1_0_2 0 0 1 0 0 0
1392_0_1_4 0 0 0 0 1 0
486_11_1_3 0 0 0 1 0 0
772_0_1_3 0 0 0 1 0 0
266_1_1_5 0 0 0 0 0 1
2083_3_0_1 0 1 0 0 0 0
1247_4_0_1 0 1 0 0 0 0
915_4_0_2 0 0 1 0 0 0
699_0_1_3 0 0 0 1 0 0
380_0_1_5 0 0 0 0 0 1
258_0_1_3 0 0 0 1 0 0
736_4_1_3 0 0 0 1 0 0
1160_0_1_4 0 0 0 0 1 0
1218_0_1_5 0 0 0 0 0 1
17_0_1_5 0 0 0 0 0 1
1685_15_0_2 0 0 1 0 0 0
1070_1_1_4 0 0 0 0 1 0
1699_1_1_3 0 0 0 1 0 0
661_0_1_4 0 0 0 0 1 0
552_6_1_3 0 0 0 1 0 0
1396_2_1_4 0 0 0 0 1 0
1280_0_1_3 0 0 0 1 0 0
345_0_1_3 0 0 0 1 0 0
948_2_0_1 0 1 0 0 0 0
702_0_1_3 0 0 0 1 0 0
582_6_1_5 0 0 0 0 0 1
2050_0_0_0 1 0 0 0 0 0
1916_0_1_5 0 0 0 0 0 1
1784_1_1_3 0 0 0 1 0 0
1434_6_1_5 0 0 0 0 0 1
1435_3_1_3 0 0 0 1 0 0
574_0_1_3 0 0 0 1 0 0
895_2_1_3 0 0 0 1 0 0
1483_6_1_4 0 0 0 0 1 0
774_0_1_4 0 0 0 0 1 0
1940_2_1_5 0 0 0 0 0 1
1220_0_1_5 0 0 0 0 0 1
1940_4_1_3 0 0 0 1 0 0
796_3_0_1 0 1 0 0 0 0
1152_2_1_3 0 0 0 1 0 0
1705_0_0_2 0 0 1 0 0 0
1627_5_0_0 1 0 0 0 0 0
749_1_1_5 0 0 0 0 0 1
1431_2_1_3 0 0 0 1 0 0
605_0_1_5 0 0 0 0 0 1
1145_4_0_1 0 1 0 0 0 0
115_0_1_3 0 0 0 1 0 0
1440_1_1_5 0 0 0 0 0 1
1173_2_1_3 0 0 0 1 0 0
1448_0_1_4 0 0 0 0 1 0
624_0_1_5 0 0 0 0 0 1
1536_0_1_3 0 0 0 1 0 0
1685_8_0_2 0 0 1 0 0 0
647_0_1_3 0 0 0 1 0 0
259_1_1_3 0 0 0 1 0 0
396_0_1_5 0 0 0 0 0 1
1174_5_1_5 0 0 0 0 0 1
1446_5_0_2 0 0 1 0 0 0
1342_0_1_3 0 0 0 1 0 0
220_3_1_5 0 0 0 0 0 1
1008_4_0_2 0 0 1 0 0 0
1627_4_0_1 0 1 0 0 0 0
687_2_0_2 0 0 1 0 0 0
610_0_1_4 0 0 0 0 1 0
590_0_1_5 0 0 0 0 0 1
1720_0_1_3 0 0 0 1 0 0
556_0_1_3 0 0 0 1 0 0
810_0_0_2 0 0 1 0 0 0
884_4_0_2 0 0 1 0 0 0
620_3_0_2 0 0 1 0 0 0
581_6_1_5 0 0 0 0 0 1
1677_4_0_2 0 0 1 0 0 0
1368_0_1_4 0 0 0 0 1 0
841_1_0_1 0 1 0 0 0 0
1978_0_1_3 0 0 0 1 0 0
1743_0_1_5 0 0 0 0 0 1
1660_0_0_1 0 1 0 0 0 0
1073_1_1_3 0 0 0 1 0 0
1435_2_1_3 0 0 0 1 0 0
1382_3_1_3 0 0 0 1 0 0
82_0_1_5 0 0 0 0 0 1
1188_6_1_3 0 0 0 1 0 0
1933_1_1_5 0 0 0 0 0 1
1222_2_1_5 0 0 0 0 0 1
1310_5_0_2 0 0 1 0 0 0
851_1_1_5 0 0 0 0 0 1
272_0_1_5 0 0 0 0 0 1
95_0_1_5 0 0 0 0 0 1
1988_0_1_5 0 0 0 0 0 1
1197_0_1_3 0 0 0 1 0 0
1572_1_0_2 0 0 1 0 0 0
27_0_1_3 0 0 0 1 0 0
313_0_1_3 0 0 0 1 0 0
1073_0_1_3 0 0 0 1 0 0
728_1_1_5 0 0 0 0 0 1
1372_1_1_3 0 0 0 1 0 0
459_5_0_1 0 1 0 0 0 0
1122_5_0_2 0 0 1 0 0 0
303_0_1_5 0 0 0 0 0 1
1080_0_0_1 0 1 0 0 0 0
4_0_1_4 0 0 0 0 1 0
1617_0_1_3 0 0 0 1 0 0
791_0_0_1 0 1 0 0 0 0
549_5_0_2 0 0 1 0 0 0
401_1_1_3 0 0 0 1 0 0
1122_2_0_2 0 0 1 0 0 0
1627_7_0_0 1 0 0 0 0 0
1377_2_1_3 0 0 0 1 0 0
483_1_1_3 0 0 0 1 0 0
1433_4_1_3 0 0 0 1 0 0
1661_1_1_5 0 0 0 0 0 1
1376_0_1_3 0 0 0 1 0 0
1174_7_1_5 0 0 0 0 0 1
1661_4_1_5 0 0 0 0 0 1
236_0_1_5 0 0 0 0 0 1
11_2_1_5 0 0 0 0 0 1
2083_1_0_0 1 0 0 0 0 0
1876_1_1_4 0 0 0 0 1 0
1538_1_1_3 0 0 0 1 0 0
267_1_1_5 0 0 0 0 0 1
1203_0_1_4 0 0 0 0 1 0
1228_0_1_5 0 0 0 0 0 1
710_0_1_3 0 0 0 1 0 0
1832_1_1_4 0 0 0 0 1 0
666_1_1_4 0 0 0 0 1 0
1446_0_0_2 0 0 1 0 0 0
474_5_1_5 0 0 0 0 0 1
29_0_1_5 0 0 0 0 0 1
80_0_1_5 0 0 0 0 0 1
1310_3_0_2 0 0 1 0 0 0
1436_5_1_3 0 0 0 1 0 0
300_0_1_5 0 0 0 0 0 1
1183_5_1_3 0 0 0 1 0 0
656_7_1_4 0 0 0 0 1 0
1699_0_1_3 0 0 0 1 0 0
1654_0_0_2 0 0 1 0 0 0
622_2_0_1 0 1 0 0 0 0
1354_1_1_3 0 0 0 1 0 0
1080_1_0_1 0 1 0 0 0 0
1310_1_0_2 0 0 1 0 0 0
1060_3_0_2 0 0 1 0 0 0
1623_5_0_2 0 0 1 0 0 0
1089_0_0_2 0 0 1 0 0 0
1678_1_0_2 0 0 1 0 0 0
2112_3_0_1 0 1 0 0 0 0
813_3_0_1 0 1 0 0 0 0
1904_0_1_5 0 0 0 0 0 1
1499_0_1_3 0 0 0 1 0 0
651_4_1_5 0 0 0 0 0 1
230_0_1_5 0 0 0 0 0 1
507_0_1_5 0 0 0 0 0 1
65_0_1_5 0 0 0 0 0 1
495_0_1_3 0 0 0 1 0 0
490_0_0_2 0 0 1 0 0 0
209_1_1_5 0 0 0 0 0 1
469_1_1_5 0 0 0 0 0 1
1966_0_1_3 0 0 0 1 0 0
1431_0_1_3 0 0 0 1 0 0
2026_0_1_3 0 0 0 1 0 0
1542_0_1_5 0 0 0 0 0 1
593_0_1_5 0 0 0 0 0 1
2032_2_1_5 0 0 0 0 0 1
1599_0_1_3 0 0 0 1 0 0
1090_0_1_4 0 0 0 0 1 0
520_0_0_0 1 0 0 0 0 0
997_3_1_3 0 0 0 1 0 0
1069_1_1_4 0 0 0 0 1 0
320_1_1_4 0 0 0 0 1 0
815_0_0_2 0 0 1 0 0 0
1479_0_1_5 0 0 0 0 0 1
2079_0_0_1 0 1 0 0 0 0
18_1_1_5 0 0 0 0 0 1
1196_0_1_4 0 0 0 0 1 0
1463_0_0_2 0 0 1 0 0 0
630_7_1_3 0 0 0 1 0 0
1008_1_0_2 0 0 1 0 0 0
1031_1_1_5 0 0 0 0 0 1
1196_1_1_4 0 0 0 0 1 0
225_0_1_5 0 0 0 0 0 1
759_4_1_5 0 0 0 0 0 1
651_3_1_5 0 0 0 0 0 1
63_1_1_5 0 0 0 0 0 1
87_1_1_5 0 0 0 0 0 1
1333_0_1_5 0 0 0 0 0 1
198_0_1_4 0 0 0 0 1 0
1371_2_1_3 0 0 0 1 0 0
1222_0_1_5 0 0 0 0 0 1
1931_2_0_0 1 0 0 0 0 0
656_0_1_4 0 0 0 0 1 0
737_0_1_3 0 0 0 1 0 0
211_1_1_5 0 0 0 0 0 1
1488_2_1_3 0 0 0 1 0 0
73_3_1_5 0 0 0 0 0 1
268_0_1_5 0 0 0 0 0 1
660_0_1_5 0 0 0 0 0 1
1434_7_1_5 0 0 0 0 0 1
1465_10_1_3 0 0 0 1 0 0
608_1_1_3 0 0 0 1 0 0
368_2_1_5 0 0 0 0 0 1
1614_0_0_2 0 0 1 0 0 0
1474_1_1_5 0 0 0 0 0 1
604_0_1_4 0 0 0 0 1 0
1361_3_1_3 0 0 0 1 0 0
629_3_0_1 0 1 0 0 0 0
2114_9_0_0 1 0 0 0 0 0
1440_0_1_3 0 0 0 1 0 0
915_3_0_2 0 0 1 0 0 0
1508_0_1_3 0 0 0 1 0 0
1881_0_0_0 1 0 0 0 0 0
718_1_1_3 0 0 0 1 0 0
1980_0_1_5 0 0 0 0 0 1
1125_4_0_1 0 1 0 0 0 0
1926_0_0_0 1 0 0 0 0 0
497_0_1_5 0 0 0 0 0 1
1130_0_1_3 0 0 0 1 0 0
850_0_0_1 0 1 0 0 0 0
627_2_0_1 0 1 0 0 0 0
315_0_1_5 0 0 0 0 0 1
529_0_1_3 0 0 0 1 0 0
1661_7_1_3 0 0 0 1 0 0
1730_0_1_5 0 0 0 0 0 1
1819_0_1_3 0 0 0 1 0 0
342_0_1_4 0 0 0 0 1 0
1930_1_0_0 1 0 0 0 0 0
2114_3_0_1 0 1 0 0 0 0
1146_2_1_5 0 0 0 0 0 1
826_2_0_2 0 0 1 0 0 0
2089_1_0_1 0 1 0 0 0 0
1310_9_0_2 0 0 1 0 0 0
1630_3_0_1 0 1 0 0 0 0
1281_2_1_4 0 0 0 0 1 0
1379_1_1_3 0 0 0 1 0 0
2030_0_1_5 0 0 0 0 0 1
1151_0_1_3 0 0 0 1 0 0
759_5_1_5 0 0 0 0 0 1
2033_0_1_4 0 0 0 0 1 0
375_1_1_3 0 0 0 1 0 0
486_6_1_3 0 0 0 1 0 0
1147_3_1_3 0 0 0 1 0 0
635_2_1_3 0 0 0 1 0 0
1175_0_1_5 0 0 0 0 0 1
630_3_1_3 0 0 0 1 0 0
71_0_1_5 0 0 0 0 0 1
2037_0_1_3 0 0 0 1 0 0
486_13_1_3 0 0 0 1 0 0
318_1_1_5 0 0 0 0 0 1
1466_0_1_3 0 0 0 1 0 0
735_2_0_1 0 1 0 0 0 0
1760_0_1_3 0 0 0 1 0 0
2083_8_0_1 0 1 0 0 0 0
124_0_1_4 0 0 0 0 1 0
1830_1_1_5 0 0 0 0 0 1
1501_0_1_3 0 0 0 1 0 0
1941_1_1_3 0 0 0 1 0 0
947_2_0_1 0 1 0 0 0 0
2092_1_0_0 1 0 0 0 0 0
1428_4_1_3 0 0 0 1 0 0
1144_1_1_4 0 0 0 0 1 0
866_0_1_5 0 0 0 0 0 1
441_0_1_4 0 0 0 0 1 0
641_5_1_3 0 0 0 1 0 0
987_1_1_3 0 0 0 1 0 0
1162_0_1_3 0 0 0 1 0 0
1483_5_1_4 0 0 0 0 1 0
1775_0_0_2 0 0 1 0 0 0
474_3_1_3 0 0 0 1 0 0
812_3_0_2 0 0 1 0 0 0
318_0_1_5 0 0 0 0 0 1
635_5_1_3 0 0 0 1 0 0
1937_2_1_5 0 0 0 0 0 1
475_1_1_3 0 0 0 1 0 0
1653_0_1_5 0 0 0 0 0 1
446_0_1_3 0 0 0 1 0 0
1661_11_0_2 0 0 1 0 0 0
317_0_1_5 0 0 0 0 0 1
621_1_0_1 0 1 0 0 0 0
1113_0_1_3 0 0 0 1 0 0
1147_2_1_3 0 0 0 1 0 0
625_0_1_4 0 0 0 0 1 0
622_1_0_1 0 1 0 0 0 0
1457_0_1_3 0 0 0 1 0 0
768_2_1_5 0 0 0 0 0 1
499_0_1_4 0 0 0 0 1 0
1627_3_0_2 0 0 1 0 0 0
1676_0_1_4 0 0 0 0 1 0
669_0_1_4 0 0 0 0 1 0
1189_0_1_4 0 0 0 0 1 0
1465_3_1_3 0 0 0 1 0 0
1663_0_1_3 0 0 0 1 0 0
1387_0_1_5 0 0 0 0 0 1
1930_4_0_0 1 0 0 0 0 0
1985_0_1_3 0 0 0 1 0 0
566_0_1_5 0 0 0 0 0 1
887_2_1_3 0 0 0 1 0 0
1008_5_0_2 0 0 1 0 0 0
1424_0_1_4 0 0 0 0 1 0
1501_1_1_4 0 0 0 0 1 0
1346_0_1_3 0 0 0 1 0 0
1118_1_0_2 0 0 1 0 0 0
1633_0_1_3 0 0 0 1 0 0
1437_0_1_5 0 0 0 0 0 1
619_8_0_1 0 1 0 0 0 0
1000_1_1_3 0 0 0 1 0 0
850_1_0_1 0 1 0 0 0 0
1624_4_0_2 0 0 1 0 0 0
359_1_1_5 0 0 0 0 0 1
1263_1_1_4 0 0 0 0 1 0
1026_1_1_5 0 0 0 0 0 1
1696_6_1_5 0 0 0 0 0 1
428_1_0_2 0 0 1 0 0 0
720_2_1_3 0 0 0 1 0 0
2053_0_1_5 0 0 0 0 0 1
1469_0_1_5 0 0 0 0 0 1
726_4_0_1 0 1 0 0 0 0
221_1_1_5 0 0 0 0 0 1
1953_0_1_5 0 0 0 0 0 1
1943_0_1_5 0 0 0 0 0 1
1345_0_1_4 0 0 0 0 1 0
1503_0_1_3 0 0 0 1 0 0
1956_0_1_5 0 0 0 0 0 1
887_1_1_3 0 0 0 1 0 0
323_1_1_4 0 0 0 0 1 0
1164_0_1_5 0 0 0 0 0 1
840_0_0_1 0 1 0 0 0 0
656_2_1_5 0 0 0 0 0 1
1362_0_1_3 0 0 0 1 0 0
636_1_1_3 0 0 0 1 0 0
931_3_1_3 0 0 0 1 0 0
1421_0_1_5 0 0 0 0 0 1
1354_0_1_4 0 0 0 0 1 0
311_1_1_4 0 0 0 0 1 0
1661_0_1_3 0 0 0 1 0 0
1123_2_0_1 0 1 0 0 0 0
687_1_0_2 0 0 1 0 0 0
299_0_1_3 0 0 0 1 0 0
619_6_0_2 0 0 1 0 0 0
736_2_1_5 0 0 0 0 0 1
1843_11_1_3 0 0 0 1 0 0
1624_2_0_0 1 0 0 0 0 0
1228_2_1_5 0 0 0 0 0 1
852_2_1_5 0 0 0 0 0 1
1122_4_0_2 0 0 1 0 0 0
1057_0_1_4 0 0 0 0 1 0
677_0_1_4 0 0 0 0 1 0
729_0_1_3 0 0 0 1 0 0
1435_1_1_3 0 0 0 1 0 0
1326_1_0_0 1 0 0 0 0 0
1121_0_0_2 0 0 1 0 0 0
1349_0_1_5 0 0 0 0 0 1
564_0_1_3 0 0 0 1 0 0
921_0_1_3 0 0 0 1 0 0
1799_0_1_3 0 0 0 1 0 0
1312_0_1_5 0 0 0 0 0 1
1572_2_0_2 0 0 1 0 0 0
475_2_1_3 0 0 0 1 0 0
77_1_1_5 0 0 0 0 0 1
759_2_1_5 0 0 0 0 0 1
49_0_1_5 0 0 0 0 0 1
1479_3_1_5 0 0 0 0 0 1
1222_1_1_5 0 0 0 0 0 1
1896_2_0_0 1 0 0 0 0 0
1592_0_1_3 0 0 0 1 0 0
1224_0_1_5 0 0 0 0 0 1
1718_0_1_3 0 0 0 1 0 0
1903_0_1_3 0 0 0 1 0 0
87_0_1_5 0 0 0 0 0 1
1430_0_0_2 0 0 1 0 0 0
1459_2_1_3 0 0 0 1 0 0
851_2_1_5 0 0 0 0 0 1
564_1_1_5 0 0 0 0 0 1
1122_6_0_2 0 0 1 0 0 0
619_5_0_2 0 0 1 0 0 0
525_0_1_4 0 0 0 0 1 0
1996_0_1_5 0 0 0 0 0 1
948_1_0_1 0 1 0 0 0 0
878_0_1_4 0 0 0 0 1 0
1627_6_0_1 0 1 0 0 0 0
520_4_0_0 1 0 0 0 0 0
748_2_1_3 0 0 0 1 0 0
1947_1_1_3 0 0 0 1 0 0
489_0_1_3 0 0 0 1 0 0
2112_7_0_0 1 0 0 0 0 0
358_2_1_5 0 0 0 0 0 1
775_0_1_3 0 0 0 1 0 0
641_4_1_3 0 0 0 1 0 0
1965_0_0_2 0 0 1 0 0 0
211_2_1_5 0 0 0 0 0 1
45_1_1_5 0 0 0 0 0 1
998_0_1_4 0 0 0 0 1 0
828_0_0_1 0 1 0 0 0 0
736_5_1_3 0 0 0 1 0 0
1472_4_1_3 0 0 0 1 0 0
1768_0_1_5 0 0 0 0 0 1
1284_2_1_3 0 0 0 1 0 0
1830_0_1_5 0 0 0 0 0 1
1436_4_1_3 0 0 0 1 0 0
726_3_0_1 0 1 0 0 0 0
72_0_1_5 0 0 0 0 0 1
148_0_1_3 0 0 0 1 0 0
1066_0_1_4 0 0 0 0 1 0
664_0_1_3 0 0 0 1 0 0
1675_0_1_4 0 0 0 0 1 0
666_3_1_4 0 0 0 0 1 0
1185_0_1_5 0 0 0 0 0 1
1418_0_1_4 0 0 0 0 1 0
1694_1_1_3 0 0 0 1 0 0
1215_0_1_3 0 0 0 1 0 0
913_0_1_3 0 0 0 1 0 0
1661_2_1_3 0 0 0 1 0 0
1174_10_1_3 0 0 0 1 0 0
1574_0_1_3 0 0 0 1 0 0
1093_0_1_4 0 0 0 0 1 0
1483_1_1_3 0 0 0 1 0 0
1188_2_1_4 0 0 0 0 1 0
1372_0_1_3 0 0 0 1 0 0
1429_1_1_3 0 0 0 1 0 0
2032_0_1_5 0 0 0 0 0 1
1843_6_1_3 0 0 0 1 0 0
1624_3_0_0 1 0 0 0 0 0
408_0_1_4 0 0 0 0 1 0
1627_1_0_2 0 0 1 0 0 0
1383_0_1_3 0 0 0 1 0 0
2089_2_0_0 1 0 0 0 0 0
74_0_1_5 0 0 0 0 0 1
166_1_1_5 0 0 0 0 0 1
723_0_1_3 0 0 0 1 0 0
1464_2_1_4 0 0 0 0 1 0
1227_1_1_5 0 0 0 0 0 1
599_0_1_5 0 0 0 0 0 1
1302_2_1_3 0 0 0 1 0 0
1012_0_1_5 0 0 0 0 0 1
899_1_1_4 0 0 0 0 1 0
914_2_0_2 0 0 1 0 0 0
1306_0_0_1 0 1 0 0 0 0
1147_0_1_3 0 0 0 1 0 0
621_0_0_1 0 1 0 0 0 0
1128_0_1_4 0 0 0 0 1 0
118_0_1_5 0 0 0 0 0 1
641_1_0_1 0 1 0 0 0 0
885_0_1_4 0 0 0 0 1 0
1886_2_1_5 0 0 0 0 0 1
634_1_1_3 0 0 0 1 0 0
812_2_0_2 0 0 1 0 0 0
486_4_1_3 0 0 0 1 0 0
9_0_1_5 0 0 0 0 0 1
1006_0_1_3 0 0 0 1 0 0
1835_2_1_3 0 0 0 1 0 0
1502_3_1_3 0 0 0 1 0 0
719_3_1_3 0 0 0 1 0 0
1286_0_1_3 0 0 0 1 0 0
1495_1_1_4 0 0 0 0 1 0
1696_2_0_0 1 0 0 0 0 0
1987_4_1_3 0 0 0 1 0 0
635_0_1_3 0 0 0 1 0 0
142_0_1_5 0 0 0 0 0 1
607_1_1_4 0 0 0 0 1 0
247_0_1_5 0 0 0 0 0 1
308_0_1_4 0 0 0 0 1 0
549_7_0_1 0 1 0 0 0 0
2088_1_0_0 1 0 0 0 0 0
1824_0_1_3 0 0 0 1 0 0
810_1_0_2 0 0 1 0 0 0
1380_0_1_3 0 0 0 1 0 0
948_0_0_1 0 1 0 0 0 0
1108_0_1_3 0 0 0 1 0 0
337_0_1_4 0 0 0 0 1 0
277_1_1_3 0 0 0 1 0 0
349_2_1_5 0 0 0 0 0 1
1279_0_1_4 0 0 0 0 1 0
1361_2_1_3 0 0 0 1 0 0
247_3_1_3 0 0 0 1 0 0
1103_0_1_4 0 0 0 0 1 0
969_0_1_3 0 0 0 1 0 0
1361_1_1_3 0 0 0 1 0 0
432_1_1_3 0 0 0 1 0 0
1312_1_1_5 0 0 0 0 0 1
309_0_1_4 0 0 0 0 1 0
947_4_0_1 0 1 0 0 0 0
1440_4_1_5 0 0 0 0 0 1
309_1_1_4 0 0 0 0 1 0
1174_8_1_5 0 0 0 0 0 1
7_0_1_5 0 0 0 0 0 1
646_2_1_3 0 0 0 1 0 0
469_0_1_3 0 0 0 1 0 0
1122_3_0_2 0 0 1 0 0 0
187_0_1_3 0 0 0 1 0 0
737_3_1_3 0 0 0 1 0 0
2059_0_1_3 0 0 0 1 0 0
471_0_1_3 0 0 0 1 0 0
241_0_1_5 0 0 0 0 0 1
1475_2_0_2 0 0 1 0 0 0
628_1_1_3 0 0 0 1 0 0
575_0_1_3 0 0 0 1 0 0
1145_2_1_4 0 0 0 0 1 0
1940_1_1_5 0 0 0 0 0 1
549_2_1_3 0 0 0 1 0 0
359_0_1_5 0 0 0 0 0 1
824_0_1_4 0 0 0 0 1 0
960_3_1_3 0 0 0 1 0 0
57_0_1_5 0 0 0 0 0 1
1661_9_0_2 0 0 1 0 0 0
1289_2_1_3 0 0 0 1 0 0
329_1_1_4 0 0 0 0 1 0
407_0_1_5 0 0 0 0 0 1
1487_0_1_4 0 0 0 0 1 0
385_1_1_5 0 0 0 0 0 1
1840_2_1_3 0 0 0 1 0 0
883_0_0_2 0 0 1 0 0 0
84_0_1_5 0 0 0 0 0 1
1487_1_1_4 0 0 0 0 1 0
1146_5_1_3 0 0 0 1 0 0
766_0_1_5 0 0 0 0 0 1
1372_3_1_3 0 0 0 1 0 0
884_6_0_2 0 0 1 0 0 0
744_0_1_3 0 0 0 1 0 0
863_0_1_5 0 0 0 0 0 1
1321_0_1_3 0 0 0 1 0 0
1156_3_0_0 1 0 0 0 0 0
1382_0_1_3 0 0 0 1 0 0
897_0_1_3 0 0 0 1 0 0
1449_1_1_3 0 0 0 1 0 0
1886_0_1_5 0 0 0 0 0 1
207_0_1_5 0 0 0 0 0 1
445_0_0_2 0 0 1 0 0 0
337_1_1_4 0 0 0 0 1 0
1661_3_1_3 0 0 0 1 0 0
1732_0_1_5 0 0 0 0 0 1
883_2_0_2 0 0 1 0 0 0
563_1_1_5 0 0 0 0 0 1
1867_2_1_3 0 0 0 1 0 0
1469_2_1_5 0 0 0 0 0 1
1479_2_1_3 0 0 0 1 0 0
622_10_0_1 0 1 0 0 0 0
83_0_1_5 0 0 0 0 0 1
982_1_1_4 0 0 0 0 1 0
897_1_1_3 0 0 0 1 0 0
1830_2_1_5 0 0 0 0 0 1
1572_0_1_3 0 0 0 1 0 0
1608_0_0_2 0 0 1 0 0 0
1049_0_1_4 0 0 0 0 1 0
581_7_1_3 0 0 0 1 0 0
983_0_1_4 0 0 0 0 1 0
1959_0_1_3 0 0 0 1 0 0
1661_8_0_2 0 0 1 0 0 0
1489_0_1_3 0 0 0 1 0 0
1285_0_1_3 0 0 0 1 0 0
1950_0_1_5 0 0 0 0 0 1
630_0_1_3 0 0 0 1 0 0
1664_0_1_3 0 0 0 1 0 0
1518_3_0_0 1 0 0 0 0 0
1937_0_1_3 0 0 0 1 0 0
1394_0_1_5 0 0 0 0 0 1
1957_0_1_3 0 0 0 1 0 0
1431_4_1_3 0 0 0 1 0 0
691_2_0_1 0 1 0 0 0 0
698_0_1_3 0 0 0 1 0 0
1791_0_1_3 0 0 0 1 0 0
868_0_1_3 0 0 0 1 0 0
1832_0_1_4 0 0 0 0 1 0
1958_2_1_3 0 0 0 1 0 0
170_0_1_5 0 0 0 0 0 1
1310_8_0_2 0 0 1 0 0 0
176_1_1_5 0 0 0 0 0 1
1226_0_1_5 0 0 0 0 0 1
996_0_1_3 0 0 0 1 0 0
1434_1_1_3 0 0 0 1 0 0
1408_0_1_3 0 0 0 1 0 0
758_0_1_5 0 0 0 0 0 1
904_0_1_3 0 0 0 1 0 0
1008_8_0_2 0 0 1 0 0 0
1835_3_1_3 0 0 0 1 0 0
1056_0_1_4 0 0 0 0 1 0
2074_0_1_3 0 0 0 1 0 0
1183_11_1_3 0 0 0 1 0 0
1694_2_1_4 0 0 0 0 1 0
1054_1_1_3 0 0 0 1 0 0
1990_2_1_3 0 0 0 1 0 0
277_0_1_5 0 0 0 0 0 1
1180_1_1_5 0 0 0 0 0 1
1370_0_1_3 0 0 0 1 0 0
1513_0_1_3 0 0 0 1 0 0
500_0_1_3 0 0 0 1 0 0
1696_0_1_5 0 0 0 0 0 1
43_0_1_4 0 0 0 0 1 0
1472_5_1_3 0 0 0 1 0 0
2092_2_0_0 1 0 0 0 0 0
1326_0_0_1 0 1 0 0 0 0
117_1_1_5 0 0 0 0 0 1
969_2_1_3 0 0 0 1 0 0
10_0_1_5 0 0 0 0 0 1
1156_1_0_2 0 0 1 0 0 0
1086_2_1_3 0 0 0 1 0 0
1247_2_0_1 0 1 0 0 0 0
558_1_1_3 0 0 0 1 0 0
1448_2_1_3 0 0 0 1 0 0
1396_3_1_5 0 0 0 0 0 1
527_0_1_5 0 0 0 0 0 1
1624_1_0_0 1 0 0 0 0 0
629_4_1_3 0 0 0 1 0 0
1554_0_0_2 0 0 1 0 0 0
368_4_1_5 0 0 0 0 0 1
905_0_1_3 0 0 0 1 0 0
1118_0_0_2 0 0 1 0 0 0
1419_0_1_5 0 0 0 0 0 1
551_1_1_4 0 0 0 0 1 0
615_0_1_5 0 0 0 0 0 1
931_1_1_3 0 0 0 1 0 0
295_0_1_4 0 0 0 0 1 0
178_0_1_5 0 0 0 0 0 1
1382_5_1_3 0 0 0 1 0 0
781_0_1_5 0 0 0 0 0 1
2050_1_0_0 1 0 0 0 0 0
2084_0_0_0 1 0 0 0 0 0
2078_2_0_0 1 0 0 0 0 0
641_0_0_1 0 1 0 0 0 0
1127_0_1_3 0 0 0 1 0 0
1679_3_0_2 0 0 1 0 0 0
1350_0_1_4 0 0 0 0 1 0
272_1_1_5 0 0 0 0 0 1
1931_0_0_0 1 0 0 0 0 0
1207_0_1_3 0 0 0 1 0 0
322_2_1_4 0 0 0 0 1 0
1227_2_1_5 0 0 0 0 0 1
1591_0_1_3 0 0 0 1 0 0
1405_0_1_5 0 0 0 0 0 1
1413_0_1_5 0 0 0 0 0 1
1030_0_0_0 1 0 0 0 0 0
872_0_1_4 0 0 0 0 1 0
1188_5_1_3 0 0 0 1 0 0
1432_2_1_3 0 0 0 1 0 0
563_5_1_3 0 0 0 1 0 0
1060_4_0_2 0 0 1 0 0 0
2032_1_1_5 0 0 0 0 0 1
1473_0_1_3 0 0 0 1 0 0
289_0_1_4 0 0 0 0 1 0
37_0_1_5 0 0 0 0 0 1
581_4_1_5 0 0 0 0 0 1
656_3_0_2 0 0 1 0 0 0
1192_0_1_5 0 0 0 0 0 1
406_1_1_5 0 0 0 0 0 1
267_0_1_5 0 0 0 0 0 1
378_1_1_5 0 0 0 0 0 1
2113_1_0_0 1 0 0 0 0 0
736_1_1_5 0 0 0 0 0 1
1807_0_1_3 0 0 0 1 0 0
1078_1_1_3 0 0 0 1 0 0
1175_1_1_5 0 0 0 0 0 1
1407_0_1_5 0 0 0 0 0 1
963_1_1_3 0 0 0 1 0 0
1129_0_1_3 0 0 0 1 0 0
59_1_1_5 0 0 0 0 0 1
1174_6_1_5 0 0 0 0 0 1
1613_0_1_5 0 0 0 0 0 1
589_0_1_5 0 0 0 0 0 1
1281_1_1_4 0 0 0 0 1 0
78_0_1_4 0 0 0 0 1 0
562_1_1_3 0 0 0 1 0 0
59_0_1_5 0 0 0 0 0 1
1396_4_1_3 0 0 0 1 0 0
643_1_1_3 0 0 0 1 0 0
595_0_1_5 0 0 0 0 0 1
1201_0_1_4 0 0 0 0 1 0
6_0_1_5 0 0 0 0 0 1
996_1_1_3 0 0 0 1 0 0
2082_0_0_0 1 0 0 0 0 0
666_0_1_4 0 0 0 0 1 0
935_0_1_5 0 0 0 0 0 1
562_3_1_3 0 0 0 1 0 0
301_0_1_5 0 0 0 0 0 1
1221_0_1_5 0 0 0 0 0 1
2108_0_0_1 0 1 0 0 0 0
811_0_0_2 0 0 1 0 0 0
166_0_1_5 0 0 0 0 0 1
1264_0_1_4 0 0 0 0 1 0
553_0_1_5 0 0 0 0 0 1
436_0_1_3 0 0 0 1 0 0
1030_1_0_0 1 0 0 0 0 0
1459_1_1_5 0 0 0 0 0 1
1206_1_1_3 0 0 0 1 0 0
1859_0_1_3 0 0 0 1 0 0
633_1_0_2 0 0 1 0 0 0
616_0_0_2 0 0 1 0 0 0
1210_2_1_3 0 0 0 1 0 0
691_0_0_1 0 1 0 0 0 0
73_2_1_5 0 0 0 0 0 1
999_1_1_5 0 0 0 0 0 1
1796_1_1_3 0 0 0 1 0 0
1315_0_1_3 0 0 0 1 0 0
1183_1_1_3 0 0 0 1 0 0
545_0_1_3 0 0 0 1 0 0
357_0_1_5 0 0 0 0 0 1
1911_0_0_2 0 0 1 0 0 0
1338_3_1_5 0 0 0 0 0 1
1393_0_1_4 0 0 0 0 1 0
122_1_1_3 0 0 0 1 0 0
830_0_0_1 0 1 0 0 0 0
483_0_1_3 0 0 0 1 0 0
1719_0_1_3 0 0 0 1 0 0
1958_1_1_3 0 0 0 1 0 0
1165_3_1_5 0 0 0 0 0 1
867_0_1_5 0 0 0 0 0 1
598_0_1_5 0 0 0 0 0 1
839_0_1_3 0 0 0 1 0 0
874_1_1_3 0 0 0 1 0 0
556_1_1_5 0 0 0 0 0 1
635_4_1_3 0 0 0 1 0 0
1025_0_0_0 1 0 0 0 0 0
2082_1_0_0 1 0 0 0 0 0
2107_1_0_0 1 0 0 0 0 0
555_0_0_0 1 0 0 0 0 0
1624_0_0_0 1 0 0 0 0 0
2107_0_0_0 1 0 0 0 0 0
1156_2_0_0 1 0 0 0 0 0
520_1_0_0 1 0 0 0 0 0
2112_6_0_0 1 0 0 0 0 0
2112_5_0_0 1 0 0 0 0 0
1925_2_0_0 1 0 0 0 0 0
1426_0_0_0 1 0 0 0 0 0
1778_2_0_0 1 0 0 0 0 0
2114_2_0_1 0 1 0 0 0 0
796_2_0_1 0 1 0 0 0 0
622_6_0_1 0 1 0 0 0 0
692_0_0_1 0 1 0 0 0 0
1472_1_0_1 0 1 0 0 0 0
459_0_0_1 0 1 0 0 0 0
797_0_0_1 0 1 0 0 0 0
1120_1_0_1 0 1 0 0 0 0
2107_2_0_1 0 1 0 0 0 0
691_3_0_1 0 1 0 0 0 0
944_0_0_1 0 1 0 0 0 0
1460_0_0_1 0 1 0 0 0 0
810_2_0_1 0 1 0 0 0 0
814_0_0_1 0 1 0 0 0 0
1626_0_0_1 0 1 0 0 0 0
627_1_0_1 0 1 0 0 0 0
1123_3_0_1 0 1 0 0 0 0
2112_0_0_1 0 1 0 0 0 0
727_0_0_1 0 1 0 0 0 0
1460_1_0_1 0 1 0 0 0 0
1146_1_0_1 0 1 0 0 0 0
684_2_0_1 0 1 0 0 0 0
459_1_0_1 0 1 0 0 0 0
617_0_0_1 0 1 0 0 0 0
2112_1_0_1 0 1 0 0 0 0
947_3_0_1 0 1 0 0 0 0
1119_1_0_1 0 1 0 0 0 0
1124_0_0_1 0 1 0 0 0 0
1468_2_0_1 0 1 0 0 0 0
2083_7_0_1 0 1 0 0 0 0
840_1_0_1 0 1 0 0 0 0
1316_0_0_1 0 1 0 0 0 0
828_1_0_1 0 1 0 0 0 0
621_2_0_1 0 1 0 0 0 0
627_0_0_1 0 1 0 0 0 0
622_9_0_1 0 1 0 0 0 0
1677_0_0_2 0 0 1 0 0 0
1608_2_0_2 0 0 1 0 0 0
877_0_0_2 0 0 1 0 0 0
854_0_0_2 0 0 1 0 0 0
816_0_0_2 0 0 1 0 0 0
1531_1_0_2 0 0 1 0 0 0
687_3_0_2 0 0 1 0 0 0
1310_4_0_2 0 0 1 0 0 0
1305_3_0_2 0 0 1 0 0 0
1473_7_0_2 0 0 1 0 0 0
1433_2_0_2 0 0 1 0 0 0
1685_16_0_2 0 0 1 0 0 0
1685_13_0_2 0 0 1 0 0 0
815_3_0_2 0 0 1 0 0 0
1008_9_0_2 0 0 1 0 0 0
735_0_0_2 0 0 1 0 0 0
640_1_0_2 0 0 1 0 0 0
1122_1_0_2 0 0 1 0 0 0
1446_1_0_2 0 0 1 0 0 0
1685_12_0_2 0 0 1 0 0 0
1679_2_0_2 0 0 1 0 0 0
1685_1_0_2 0 0 1 0 0 0
1475_4_0_2 0 0 1 0 0 0
1579_0_0_2 0 0 1 0 0 0
447_1_0_2 0 0 1 0 0 0
1094_0_0_2 0 0 1 0 0 0
428_0_0_2 0 0 1 0 0 0
726_0_0_2 0 0 1 0 0 0
806_0_0_2 0 0 1 0 0 0
1122_0_0_2 0 0 1 0 0 0
1623_1_0_2 0 0 1 0 0 0
844_0_0_2 0 0 1 0 0 0
884_1_0_2 0 0 1 0 0 0
523_0_0_2 0 0 1 0 0 0
1614_1_0_2 0 0 1 0 0 0
1902_0_0_2 0 0 1 0 0 0
1465_5_0_2 0 0 1 0 0 0
815_1_0_2 0 0 1 0 0 0
1446_3_0_2 0 0 1 0 0 0
1156_0_0_2 0 0 1 0 0 0
1060_1_0_2 0 0 1 0 0 0
1566_0_0_2 0 0 1 0 0 0
1145_5_0_2 0 0 1 0 0 0
1929_0_0_2 0 0 1 0 0 0
815_4_0_2 0 0 1 0 0 0
1665_2_0_2 0 0 1 0 0 0
619_2_0_2 0 0 1 0 0 0
686_0_0_2 0 0 1 0 0 0
1165_2_1_3 0 0 0 1 0 0
1197_1_1_3 0 0 0 1 0 0
561_0_1_3 0 0 0 1 0 0
1693_0_1_3 0 0 0 1 0 0
1556_1_1_3 0 0 0 1 0 0
642_1_1_3 0 0 0 1 0 0
1982_1_1_3 0 0 0 1 0 0
1607_0_1_3 0 0 0 1 0 0
440_1_1_3 0 0 0 1 0 0
1131_0_1_3 0 0 0 1 0 0
1470_3_1_3 0 0 0 1 0 0
1801_0_1_3 0 0 0 1 0 0
1382_4_1_3 0 0 0 1 0 0
1476_1_1_3 0 0 0 1 0 0
1014_1_1_3 0 0 0 1 0 0
1724_0_1_3 0 0 0 1 0 0
572_0_1_3 0 0 0 1 0 0
729_5_1_3 0 0 0 1 0 0
1165_5_1_3 0 0 0 1 0 0
1284_1_1_3 0 0 0 1 0 0
486_1_1_3 0 0 0 1 0 0
719_2_1_3 0 0 0 1 0 0
1188_11_1_3 0 0 0 1 0 0
921_1_1_3 0 0 0 1 0 0
926_0_1_3 0 0 0 1 0 0
508_0_1_3 0 0 0 1 0 0
2029_0_1_3 0 0 0 1 0 0
960_6_1_3 0 0 0 1 0 0
1003_0_1_3 0 0 0 1 0 0
1116_0_1_3 0 0 0 1 0 0
729_3_1_3 0 0 0 1 0 0
999_2_1_3 0 0 0 1 0 0
569_0_1_3 0 0 0 1 0 0
279_0_1_3 0 0 0 1 0 0
988_0_1_3 0 0 0 1 0 0
528_0_1_3 0 0 0 1 0 0
1512_0_1_3 0 0 0 1 0 0
887_3_1_3 0 0 0 1 0 0
1780_0_1_3 0 0 0 1 0 0
1302_4_1_3 0 0 0 1 0 0
571_2_1_3 0 0 0 1 0 0
1137_0_1_3 0 0 0 1 0 0
1146_9_1_3 0 0 0 1 0 0
661_1_1_3 0 0 0 1 0 0
334_0_1_3 0 0 0 1 0 0
1550_1_1_3 0 0 0 1 0 0
1314_0_1_3 0 0 0 1 0 0
1617_1_1_3 0 0 0 1 0 0
1806_0_1_3 0 0 0 1 0 0
985_0_1_3 0 0 0 1 0 0
111_0_1_3 0 0 0 1 0 0
551_4_1_3 0 0 0 1 0 0
630_4_1_3 0 0 0 1 0 0
1995_0_1_3 0 0 0 1 0 0
486_0_1_3 0 0 0 1 0 0
1371_3_1_3 0 0 0 1 0 0
987_0_1_3 0 0 0 1 0 0
1436_3_1_3 0 0 0 1 0 0
1183_2_1_3 0 0 0 1 0 0
1188_10_1_3 0 0 0 1 0 0
1434_2_1_3 0 0 0 1 0 0
1795_0_1_3 0 0 0 1 0 0
1157_4_1_3 0 0 0 1 0 0
1053_0_1_3 0 0 0 1 0 0
875_0_1_3 0 0 0 1 0 0
1146_6_1_3 0 0 0 1 0 0
120_0_1_3 0 0 0 1 0 0
1010_1_1_3 0 0 0 1 0 0
1746_0_1_3 0 0 0 1 0 0
2015_0_1_3 0 0 0 1 0 0
898_0_1_3 0 0 0 1 0 0
437_0_1_3 0 0 0 1 0 0
1473_6_1_3 0 0 0 1 0 0
1371_1_1_3 0 0 0 1 0 0
1436_2_1_3 0 0 0 1 0 0
1897_0_1_3 0 0 0 1 0 0
628_0_1_3 0 0 0 1 0 0
1021_0_1_3 0 0 0 1 0 0
1176_0_1_3 0 0 0 1 0 0
1776_0_1_3 0 0 0 1 0 0
1428_3_1_3 0 0 0 1 0 0
486_3_1_3 0 0 0 1 0 0
1783_0_1_3 0 0 0 1 0 0
1622_0_1_3 0 0 0 1 0 0
727_2_1_3 0 0 0 1 0 0
1259_0_1_3 0 0 0 1 0 0
255_1_1_3 0 0 0 1 0 0
1799_1_1_3 0 0 0 1 0 0
642_0_1_3 0 0 0 1 0 0
1875_2_1_3 0 0 0 1 0 0
1183_7_1_3 0 0 0 1 0 0
1684_0_1_3 0 0 0 1 0 0
570_1_1_3 0 0 0 1 0 0
1708_1_1_3 0 0 0 1 0 0
633_0_1_3 0 0 0 1 0 0
474_4_1_3 0 0 0 1 0 0
887_0_1_3 0 0 0 1 0 0
1556_0_1_3 0 0 0 1 0 0
938_1_1_3 0 0 0 1 0 0
550_3_1_3 0 0 0 1 0 0
2044_0_1_3 0 0 0 1 0 0
1371_0_1_3 0 0 0 1 0 0
1797_0_1_3 0 0 0 1 0 0
638_0_1_3 0 0 0 1 0 0
1844_1_1_3 0 0 0 1 0 0
630_5_1_3 0 0 0 1 0 0
1872_0_1_3 0 0 0 1 0 0
1434_3_1_3 0 0 0 1 0 0
1428_0_1_3 0 0 0 1 0 0
1183_3_1_3 0 0 0 1 0 0
563_7_1_3 0 0 0 1 0 0
736_3_1_3 0 0 0 1 0 0
961_0_1_3 0 0 0 1 0 0
635_3_1_3 0 0 0 1 0 0
636_3_1_3 0 0 0 1 0 0
1152_3_1_3 0 0 0 1 0 0
1470_2_1_3 0 0 0 1 0 0
44_0_1_3 0 0 0 1 0 0
552_0_1_3 0 0 0 1 0 0
1835_4_1_3 0 0 0 1 0 0
601_0_1_3 0 0 0 1 0 0
1805_1_1_3 0 0 0 1 0 0
1158_3_1_3 0 0 0 1 0 0
1790_0_1_3 0 0 0 1 0 0
1434_4_1_3 0 0 0 1 0 0
311_0_1_3 0 0 0 1 0 0
1587_0_1_3 0 0 0 1 0 0
1674_0_1_3 0 0 0 1 0 0
563_3_1_3 0 0 0 1 0 0
1068_0_1_3 0 0 0 1 0 0
1686_0_1_3 0 0 0 1 0 0
1210_1_1_3 0 0 0 1 0 0
1468_3_1_3 0 0 0 1 0 0
533_0_1_3 0 0 0 1 0 0
1317_0_1_3 0 0 0 1 0 0
549_1_1_3 0 0 0 1 0 0
1157_12_1_3 0 0 0 1 0 0
1940_5_1_3 0 0 0 1 0 0
1614_3_1_3 0 0 0 1 0 0
1987_1_1_3 0 0 0 1 0 0
1430_5_1_3 0 0 0 1 0 0
260_0_1_3 0 0 0 1 0 0
1059_0_1_3 0 0 0 1 0 0
1870_0_1_3 0 0 0 1 0 0
873_0_1_3 0 0 0 1 0 0
1149_1_1_3 0 0 0 1 0 0
1632_0_1_3 0 0 0 1 0 0
1431_3_1_3 0 0 0 1 0 0
1764_0_1_3 0 0 0 1 0 0
1592_1_1_3 0 0 0 1 0 0
1734_0_1_3 0 0 0 1 0 0
997_0_1_3 0 0 0 1 0 0
1188_12_1_3 0 0 0 1 0 0
1926_2_1_3 0 0 0 1 0 0
1784_2_1_3 0 0 0 1 0 0
675_0_1_3 0 0 0 1 0 0
1538_0_1_3 0 0 0 1 0 0
1153_0_1_3 0 0 0 1 0 0
1784_0_1_3 0 0 0 1 0 0
1432_1_1_3 0 0 0 1 0 0
432_0_1_3 0 0 0 1 0 0
626_0_1_3 0 0 0 1 0 0
1465_0_1_3 0 0 0 1 0 0
2049_0_1_3 0 0 0 1 0 0
534_0_1_3 0 0 0 1 0 0
1401_2_1_3 0 0 0 1 0 0
1444_3_1_3 0 0 0 1 0 0
613_0_1_3 0 0 0 1 0 0
1663_1_1_3 0 0 0 1 0 0
1216_0_1_3 0 0 0 1 0 0
681_0_1_3 0 0 0 1 0 0
1906_0_1_3 0 0 0 1 0 0
275_0_1_3 0 0 0 1 0 0
1098_0_1_3 0 0 0 1 0 0
1449_0_1_4 0 0 0 0 1 0
1271_2_1_4 0 0 0 0 1 0
1848_0_1_4 0 0 0 0 1 0
1665_0_1_4 0 0 0 0 1 0
998_1_1_4 0 0 0 0 1 0
1484_2_1_4 0 0 0 0 1 0
1867_0_1_4 0 0 0 0 1 0
1448_1_1_4 0 0 0 0 1 0
312_0_1_4 0 0 0 0 1 0
336_2_1_4 0 0 0 0 1 0
1096_0_1_4 0 0 0 0 1 0
1271_1_1_4 0 0 0 0 1 0
1043_0_1_4 0 0 0 0 1 0
1091_1_1_4 0 0 0 0 1 0
110_0_1_4 0 0 0 0 1 0
1464_3_1_4 0 0 0 0 1 0
1351_1_1_4 0 0 0 0 1 0
312_1_1_4 0 0 0 0 1 0
400_0_1_4 0 0 0 0 1 0
1676_2_1_4 0 0 0 0 1 0
1377_1_1_4 0 0 0 0 1 0
984_0_1_4 0 0 0 0 1 0
1615_0_1_4 0 0 0 0 1 0
895_1_1_4 0 0 0 0 1 0
342_1_1_4 0 0 0 0 1 0
1444_1_1_4 0 0 0 0 1 0
794_0_1_4 0 0 0 0 1 0
567_0_1_4 0 0 0 0 1 0
1374_0_1_4 0 0 0 0 1 0
550_1_1_4 0 0 0 0 1 0
1181_3_1_4 0 0 0 0 1 0
397_0_1_4 0 0 0 0 1 0
1075_0_1_4 0 0 0 0 1 0
748_0_1_4 0 0 0 0 1 0
1280_2_1_4 0 0 0 0 1 0
1445_0_1_4 0 0 0 0 1 0
975_1_1_4 0 0 0 0 1 0
441_1_1_4 0 0 0 0 1 0
1488_1_1_4 0 0 0 0 1 0
1056_1_1_4 0 0 0 0 1 0
1416_0_1_4 0 0 0 0 1 0
1058_0_1_4 0 0 0 0 1 0
1452_0_1_4 0 0 0 0 1 0
1168_0_1_4 0 0 0 0 1 0
475_4_1_4 0 0 0 0 1 0
1163_0_1_4 0 0 0 0 1 0
538_0_1_4 0 0 0 0 1 0
1469_3_1_4 0 0 0 0 1 0
321_3_1_4 0 0 0 0 1 0
1676_1_1_4 0 0 0 0 1 0
1264_1_1_4 0 0 0 0 1 0
336_3_1_4 0 0 0 0 1 0
1395_1_1_4 0 0 0 0 1 0
662_0_1_4 0 0 0 0 1 0
1106_0_1_4 0 0 0 0 1 0
1480_0_1_4 0 0 0 0 1 0
1208_0_1_4 0 0 0 0 1 0
1402_0_1_4 0 0 0 0 1 0
388_0_1_4 0 0 0 0 1 0
1722_0_1_4 0 0 0 0 1 0
336_1_1_4 0 0 0 0 1 0
871_0_1_4 0 0 0 0 1 0
892_0_1_4 0 0 0 0 1 0
91_0_1_4 0 0 0 0 1 0
886_0_1_4 0 0 0 0 1 0
1061_1_1_4 0 0 0 0 1 0
1272_0_1_4 0 0 0 0 1 0
667_0_1_4 0 0 0 0 1 0
1266_0_1_4 0 0 0 0 1 0
442_2_1_4 0 0 0 0 1 0
323_0_1_4 0 0 0 0 1 0
992_1_1_4 0 0 0 0 1 0
1641_0_1_4 0 0 0 0 1 0
1246_0_1_5 0 0 0 0 0 1
1244_0_1_5 0 0 0 0 0 1
614_0_1_5 0 0 0 0 0 1
349_1_1_5 0 0 0 0 0 1
11_0_1_5 0 0 0 0 0 1
803_0_1_5 0 0 0 0 0 1
1706_1_1_5 0 0 0 0 0 1
727_1_1_5 0 0 0 0 0 1
1917_0_1_5 0 0 0 0 0 1
156_0_1_5 0 0 0 0 0 1
1228_1_1_5 0 0 0 0 0 1
1458_0_1_5 0 0 0 0 0 1
64_0_1_5 0 0 0 0 0 1
1696_8_1_5 0 0 0 0 0 1
134_0_1_5 0 0 0 0 0 1
211_0_1_5 0 0 0 0 0 1
851_0_1_5 0 0 0 0 0 1
232_0_1_5 0 0 0 0 0 1
316_0_1_5 0 0 0 0 0 1
58_2_1_5 0 0 0 0 0 1
1951_1_1_5 0 0 0 0 0 1
1668_0_1_5 0 0 0 0 0 1
374_0_1_5 0 0 0 0 0 1
1440_8_1_5 0 0 0 0 0 1
950_0_1_5 0 0 0 0 0 1
1157_0_1_5 0 0 0 0 0 1
1967_0_1_5 0 0 0 0 0 1
777_0_1_5 0 0 0 0 0 1
252_3_1_5 0 0 0 0 0 1
754_0_1_5 0 0 0 0 0 1
642_5_1_5 0 0 0 0 0 1
117_0_1_5 0 0 0 0 0 1
1158_4_1_5 0 0 0 0 0 1
853_1_1_5 0 0 0 0 0 1
410_0_1_5 0 0 0 0 0 1
354_0_1_5 0 0 0 0 0 1
29_1_1_5 0 0 0 0 0 1
1907_1_1_5 0 0 0 0 0 1
217_0_1_5 0 0 0 0 0 1
1521_0_1_5 0 0 0 0 0 1
249_2_1_5 0 0 0 0 0 1
90_0_1_5 0 0 0 0 0 1
1610_0_1_5 0 0 0 0 0 1
209_0_1_5 0 0 0 0 0 1
16_0_1_5 0 0 0 0 0 1
154_0_1_5 0 0 0 0 0 1
364_0_1_5 0 0 0 0 0 1
736_8_1_5 0 0 0 0 0 1
197_0_1_5 0 0 0 0 0 1
1171_0_1_5 0 0 0 0 0 1
1231_0_1_5 0 0 0 0 0 1
1833_0_1_5 0 0 0 0 0 1
1951_0_1_5 0 0 0 0 0 1
130_0_1_5 0 0 0 0 0 1
282_1_1_5 0 0 0 0 0 1
1510_0_1_5 0 0 0 0 0 1
852_1_1_5 0 0 0 0 0 1
220_0_1_5 0 0 0 0 0 1
58_1_1_5 0 0 0 0 0 1
65_1_1_5 0 0 0 0 0 1
562_0_1_5 0 0 0 0 0 1
8_0_1_5 0 0 0 0 0 1
215_0_1_5 0 0 0 0 0 1
934_0_1_5 0 0 0 0 0 1
1739_0_1_5 0 0 0 0 0 1
282_0_1_5 0 0 0 0 0 1
1502_1_1_5 0 0 0 0 0 1
409_0_1_5 0 0 0 0 0 1
194_0_1_5 0 0 0 0 0 1
23_0_1_5 0 0 0 0 0 1
377_1_1_5 0 0 0 0 0 1
763_0_1_5 0 0 0 0 0 1
2031_0_1_5 0 0 0 0 0 1
1338_4_1_5 0 0 0 0 0 1
21_1_1_5 0 0 0 0 0 1
1423_0_1_5 0 0 0 0 0 1
192_2_1_5 0 0 0 0 0 1
358_3_1_5 0 0 0 0 0 1
208_0_1_5 0 0 0 0 0 1
647_2_1_5 0 0 0 0 0 1
369_0_1_5 0 0 0 0 0 1
1328_0_1_5 0 0 0 0 0 1
66_0_1_5 0 0 0 0 0 1
368_1_1_5 0 0 0 0 0 1
665_0_1_5 0 0 0 0 0 1
551_5_1_5 0 0 0 0 0 1
547_0_1_5 0 0 0 0 0 1
412_0_1_5 0 0 0 0 0 1
1741_1_1_5 0 0 0 0 0 1
1696_7_1_5 0 0 0 0 0 1
1475_1_1_5 0 0 0 0 0 1
498_0_1_5 0 0 0 0 0 1
144_0_1_5 0 0 0 0 0 1
869_0_1_5 0 0 0 0 0 1
582_2_1_5 0 0 0 0 0 1
1661_5_1_5 0 0 0 0 0 1
176_3_1_5 0 0 0 0 0 1
368_3_1_5 0 0 0 0 0 1
1980_1_1_5 0 0 0 0 0 1
769_0_1_5 0 0 0 0 0 1
1227_0_1_5 0 0 0 0 0 1
1250_0_1_5 0 0 0 0 0 1
293_0_1_5 0 0 0 0 0 1
1173_1_1_5 0 0 0 0 0 1
357_2_1_5 0 0 0 0 0 1
1055_0_1_5 0 0 0 0 0 1
449_0_1_5 0 0 0 0 0 1
348_1_1_5 0 0 0 0 0 1
192_0_1_5 0 0 0 0 0 1
358_0_1_5 0 0 0 0 0 1
1901_0_1_5 0 0 0 0 0 1
1742_0_1_5 0 0 0 0 0 1
401_0_1_5 0 0 0 0 0 1
1708_0_1_5 0 0 0 0 0 1
1706_0_1_5 0 0 0 0 0 1
192_1_1_5 0 0 0 0 0 1
1278_0_1_5 0 0 0 0 0 1
63_0_1_5 0 0 0 0 0 1
390_0_1_5 0 0 0 0 0 1
220_1_1_5 0 0 0 0 0 1
560_0_1_5 0 0 0 0 0 1
780_0_1_5 0 0 0 0 0 1
368_0_1_5 0 0 0 0 0 1
902_0_1_5 0 0 0 0 0 1
362_0_1_5 0 0 0 0 0 1
1144_0_1_5 0 0 0 0 0 1
474_7_1_5 0 0 0 0 0 1
2010_0_1_5 0 0 0 0 0 1
176_2_1_5 0 0 0 0 0 1
77_0_1_5 0 0 0 0 0 1
1971_0_1_5 0 0 0 0 0 1
1178_0_1_5 0 0 0 0 0 1
1952_0_1_5 0 0 0 0 0 1
1476_3_1_5 0 0 0 0 0 1
1828_0_1_5 0 0 0 0 0 1
1736_0_1_5 0 0 0 0 0 1
755_0_1_5 0 0 0 0 0 1
1661_6_1_5 0 0 0 0 0 1
1436_1_1_5 0 0 0 0 0 1
73_1_1_5 0 0 0 0 0 1
1741_0_1_5 0 0 0 0 0 1
1940_0_1_5 0 0 0 0 0 1
1036_0_1_5 0 0 0 0 0 1
118_1_1_5 0 0 0 0 0 1
958_0_1_5 0 0 0 0 0 1
210_2_1_5 0 0 0 0 0 1
1372_4_1_5 0 0 0 0 0 1
1249_0_1_5 0 0 0 0 0 1
164_0_1_5 0 0 0 0 0 1
579_0_1_5 0 0 0 0 0 1
1465_6_1_5 0 0 0 0 0 1
1179_0_1_5 0 0 0 0 0 1
1254_1_1_5 0 0 0 0 0 1
287_0_1_5 0 0 0 0 0 1
1013_0_1_5 0 0 0 0 0 1
220_4_1_5 0 0 0 0 0 1
